0.0 0.037711777588659935 0.037135608489208376 0.037508834364389176
9.822690611766994 0.14924554595036538 0.14694647457119392 0.1484291054491408
19.645381223533988 0.3312848628341556 0.3261267834728575 0.3294339287210306
29.468071835300982 0.580491301894406 0.5713505818257826 0.5771746746219532
39.290762447067976 0.893935357384397 0.8796967900426931 0.8887150426860603
49.11345305883497 1.2690557506398579 1.2486089313144189 1.2614922474912809
58.936143670601965 1.7035584727161504 1.675798502023502 1.6932174649341498
68.75883428236895 2.1953413193024445 2.1591708814145214 2.1817974747146613
78.58152489413595 2.7424408394032604 2.69677787311385 2.7252841509793315
88.40421550590295 3.3430002876722695 3.286786146912919 3.3218415111046964
98.22690611766994 3.9952545439475142 3.9274558670640025 3.969724698747103
108.04959672943693 4.697520067621984 4.617124363167276 4.667261091506873
117.87228734120393 5.4481826028470035 5.354189864932122 5.4128373847554885
127.69497795297093 6.2456876834575485 6.137104810795722 6.2048892456485
137.5176685647379 7.088533781432673 6.964375572003799 7.041903446358931
147.3403591765049 7.975263538561629 7.834564216342962 7.922422260686116
157.1630497882719 8.904473006167755 8.74628627304259 8.845039817766889
166.9857404000389 9.874806356625548 9.698201643917184 9.808398167716327
176.8084310118059 10.884945497290381 10.689014341727686 10.811187985742535
186.63112162357288 11.933616144409163 11.717467599867993 11.852141716756636
196.45381223533988 13.019592536147718 12.782341552579762 12.930033247191925
206.27650284710688 14.141682924959477 13.882462193940903 14.04368058592482
216.09919345887386 15.29873196284048 15.016702776667627 15.191951444627346
225.92188407064086 16.489627453927554 16.183970705851777 16.373754540731234
235.74457468240786 17.71329587615561 17.383202168850588 17.588029773797643
245.56726529417486 18.96870195476009 18.61336570856969 18.833750091019756
255.38995590594186 20.25484980020145 19.873465496374276 20.10992058438298
265.21264651770883 21.570768573729055 21.162544746967807 21.41557410624031
275.0353371294758 22.91551366701723 22.479685430820016 22.749771394851948
284.85802774124284 24.2881775954453 23.82399728127302 24.11160977948973
294.6807183530098 25.68787514996669 25.194624585976303 25.50021589398877
304.50340896477684 27.113746498354278 26.590747063628182 26.914742836588033
314.3260995765438 28.564965527903258 28.011578212367183 28.35437405843302
324.1487901883108 30.04073860913251 29.456362052784677 29.81831587901066
333.9714808000778 31.540292133684645 30.92435909171355 31.305809375020896
343.7941714118448 33.0628814926865 32.41485341391095 32.81612227898013
353.6168620236118 34.607791084026225 33.92715775129896 34.34855172357352
363.4395526353788 36.17433269667208 35.46060143582588 35.90242589117453
373.26224324714576 37.761841771867005 37.014526860187566 37.4770939061748
383.0849338589128 39.36967583691133 38.588289821538304 39.07192378437337
392.90762447067976 40.99722271646947 40.18126603739271 40.68629990470849
402.73031508244674 42.64389241172482 41.79285292986746 42.31963149421471
412.55300569421377 44.309105315140805 43.42247058339158 43.97134858877945
422.37569630598074 45.99229753679109 45.06956547909776 45.640894895736075
432.1983869177477 47.69292213059827 46.73359346097026 47.327728286220506
442.02107752951474 49.410447766312515 48.414032306930174 49.03130925056069
451.8437681412817 51.14435949306543 50.110378741842396 50.751120235874716
461.66645875304874 52.89415804736289 51.82214203029465 52.48666926385509
471.4891493648157 54.65935782382014 53.54884877548159 54.23747885966058
481.3118399765827 56.43949722867897 55.29004524442256 56.00308020119592
491.1345305883497 58.234133060721625 57.0452976047575 57.78303033004684
500.9572212001167 60.04284674515294 58.814191851790646 59.576895205985664
510.7799118118837 61.86522344704587 60.59632533776866 61.38424533713925
520.6026024236506 63.700837821098084 62.39130182707615 63.20466891341809
530.4252930354177 65.54929846917862 64.19874387120761 65.03776444556337
540.2479836471847 67.41024486166746 66.0182917670423 66.88315096219014
550.0706742589516 69.28332062907192 67.84959982614211 68.74045960439612
559.8933648707186 71.16817197659725 69.69232799877325 70.60932769212651
569.7160554824857 73.06445526867455 71.54614276558378 72.48939297167406
579.5387460942527 74.97182889050804 73.41072546131133 74.3802995218788
589.3614367060196 76.88997098336868 75.2857693487841 76.28170451899771
599.1841273177866 78.81858515425819 77.17098556491321 78.19329767608357
609.0068179295537 80.75737931170298 79.06607982882727 80.11478599066835
618.8295085413206 82.70606046218106 80.97076979910483 82.0458756460542
628.6521991530876 84.66433732243478 82.88476847457528 83.98627743938499
638.4748897648547 86.63194641916762 84.80779320235362 85.93571866320472
648.2975803766216 88.60862573761978 86.73957636707776 87.89393277380428
658.1202709883886 90.59411120325963 88.67985857255059 89.86065590185501
667.9429616001556 92.58815167154124 90.62838038491263 91.83562753341222
677.7656522119225 94.5905057946328 92.58487966503742 93.81859633483928
687.5883428236896 96.6009439340643 94.54910423724512 95.80932789232392
697.4110334354566 98.61924126691663 96.52081250885497 97.80759327249002
707.2337240472236 100.64518107042362 98.49977926952391 99.81317427259613
717.0564146589905 102.67854602674309 100.48578782696816 101.82586684686979
726.8791052707576 104.71912349075384 102.47863275231019 103.8454733786736
736.7017958825246 106.7667069893167 104.47811787925012 105.87180790465877
746.5244864942915 108.82109763547031 106.48405357749955 107.90470427499488
756.3471771060586 110.88210623463944 108.4962624781847 109.94399744118739
766.1698677178256 112.94954270570297 110.51457786678269 111.98952316490782
775.9925583295925 115.02321603294583 112.53884660299654 114.04111557260025
785.8152489413595 117.1029577254965 114.56890493520997 116.09860060122236
795.6379395531266 119.18859597638661 116.60457848764852 118.16180064343474
805.4606301648935 121.2799629975256 118.645705615125 120.23054462524557
815.2833207766605 123.37690047742295 120.69213008551398 122.30467407079496
825.1060113884275 125.47925023354546 122.7437019953711 124.38403913723724
834.9287020001944 127.58684828138263 124.8002766475799 126.46849537993968
844.7513926119615 129.6995293066126 126.86170030802548 128.55789600124226
854.5740832237285 131.8171412863461 128.9278219487973 130.65208800661367
864.3967738354954 133.9395298303716 130.99849829356884 132.75092194756442
874.2194644472625 136.06653978225893 133.07359073383157 134.85425401287097
884.0421550590295 138.19803441978297 135.15297330439694 136.96194717223204
893.8648456707965 140.33389219264356 137.23653171103464 139.07385958555406
903.6875362825634 142.47399514693788 139.3241453217921 141.1898601585952
913.5102268943305 144.61823427139885 141.41569432074 143.30983997334684
923.3329175060975 146.76650672915937 143.51106238551358 145.43368673383807
933.1556081178644 148.9187035591327 145.61014125518994 147.5612967144308
942.9782987296314 151.0747117218338 147.71282310837063 149.6925587661587
952.8009893413985 153.23441738713433 149.81899785924034 151.82734103411423
962.6236799531654 155.39773761533218 151.928573679869 153.96551505635145
972.4463705649324 157.564606723319 154.04146763424123 156.10698335395176
982.2690611766994 159.73494670116526 156.1575889524928 158.25164969299996
992.0917517884664 161.9086713596118 158.27683328898166 160.39941428761796
1001.9144424002334 164.0856968686644 160.39909891512517 162.55018311296357
1011.7371330120004 166.26595269030378 162.5242860116647 164.70387570422884
1021.5598236237674 168.44936036882305 164.6522770981339 166.86040884325922
1031.3825142355345 170.63584044617738 166.7829774564144 169.01971869200534
1041.2052048473013 172.82532975044757 168.9163019286871 171.1817499549481
1051.0278954590683 175.01777017681022 171.05216221904428 173.3464449799528
1060.8505860708353 177.21308967564764 173.19047095419936 175.5137420748506
1070.6732766826024 179.41121431525843 175.33115103197204 177.68359777782155
1080.4959672943694 181.61207138756484 177.4741442290511 179.85597019631925
1090.3186579061364 183.8155809114791 179.61938648810607 182.0307922717244
1100.1413485179032 186.02166022047928 181.76681232400648 184.20800491515286
1109.9640391296703 188.23022116750863 183.91636407182395 186.38754349956574
1119.7867297414373 190.4411772737671 186.06798411294628 188.5693291288746
1129.6094203532043 192.6544613741427 188.2216067100159 190.7533087573878
1139.4321109649713 194.87001862516044 190.37716761339885 192.93943858992571
1149.2548015767384 197.0877893634076 192.53459016328847 195.12766535060777
1159.0774921885054 199.30772318867037 194.69381681925884 197.31791951463973
1168.9001828002722 201.52978145834325 196.85480038885495 199.51015518009945
1178.7228734120392 203.753932458012 199.01750247201443 201.70433329272797
1188.5455640238063 205.98013537611888 201.181887094298 203.90040687750522
1198.3682546355733 208.2083319053767 203.34791540748543 206.09833574701682
1208.1909452473403 210.43845752266375 205.5155342681096 208.29807688331098
1218.0136358591074 212.67046407267787 207.6846999334587 210.49957685211183
1227.8363264708742 214.9043248633807 209.8553824770273 212.7027853456421
1237.6590170826412 217.1400021401272 212.02753071619028 214.90765742316637
1247.4817076944082 219.37743487997437 214.20108381192506 217.11416128214557
1257.3043983061752 221.61655284399154 216.37599237943226 219.32225604333613
1267.1270889179423 223.85728849930058 218.5522229332193 221.53188972987306
1276.9497795297093 226.0995913715189 220.7297428162115 223.74302248857322
1286.7724701414763 228.3434163358517 222.9085180966831 225.95561708841657
1296.5951607532431 230.58871126638212 225.0885189317904 228.16964643959798
1306.4178513650102 232.83543476585842 227.2697209736041 230.38508371143212
1316.2405419767772 235.08353988343575 229.4520891317154 232.60190023442286
1326.0632325885442 237.33297131215423 231.63557621718064 234.82005671880435
1335.8859232003113 239.58368515561915 233.82013694396682 237.03951270587845
1345.7086138120783 241.83565108425253 236.0057218288937 239.2601887195987
1355.531304423845 244.08885177167085 238.19228430072357 241.48200872584147
1365.3539950356121 246.3432546896219 240.37978512147814 243.70492069932214
1375.1766856473791 248.5988204432903 242.568187070305 245.9288826588398
1384.9993762591462 250.8555119378484 244.75746589416275 248.153842833012
1394.8220668709132 253.1132923640185 246.94759721234482 250.37976228349356
1404.6447574826802 255.3721139919587 249.138539153401 252.6066255461125
1414.4674480944473 257.63193897876425 251.33023083566667 254.8344211395506
1424.290138706214 259.8927242360133 253.52261767747262 257.0631427607134
1434.112829317981 262.1544129522316 255.7156497803927 259.2927987604364
1443.9355199297481 264.4169556906666 257.9092734479769 261.5233907225063
1453.7582105415152 266.68030626929635 260.1034395771075 263.7548962246005
1463.5809011532822 268.9444188318958 262.298097994244 265.9872860489004
1473.4035917650492 271.2092631995032 264.4932020250371 268.22052817228325
1483.226282376816 273.4748100997793 266.6887104641818 270.45459726331944
1493.048972988583 275.741034417389 268.88458226863236 272.68946802845574
1502.87166360035 278.0079226589784 271.08078857304156 274.92511595175404
1512.694354212117 280.27545018879863 273.27730521989645 277.16152516326196
1522.5170448238841 282.5435785436994 275.47410406879703 279.39865888655453
1532.3397354356512 284.8123034096076 277.6711601333888 281.63649448842193
1542.162426047418 287.0816319626828 279.868453665848 283.87501328073415
1551.985116659185 289.3515337017422 282.0659563342143 286.1141901414296
1561.807807270952 291.6219635729878 284.26364279081577 288.3540095280662
1571.630497882719 293.8928601688869 286.46149158159443 290.5944515486601
1581.453188494486 296.16418147560887 288.6594854456563 292.83549143882544
1591.2758791062531 298.43590503165075 290.8576021346229 295.0770917021611
1601.0985697180201 300.70800667266707 293.05583125854463 297.31923948442915
1610.921260329787 302.98047569588033 295.25414537337326 299.56192122762707
1620.743950941554 305.2532898809495 297.4525110320567 301.8051063896047
1630.566641553321 307.5264137681969 299.6508882141902 304.0487655707089
1640.389332165088 309.7998306649951 301.8492284265791 306.292885463566
1650.212022776855 312.07352335720367 304.0475217549137 308.53746981270757
1660.034713388622 314.3474503469181 306.2457875189853 310.7825025533735
1669.857404000389 316.6215823063683 308.4440083077551 313.02795529945377
1679.680094612156 318.89589977883844 310.6421599815903 315.27381811625276
1689.502785223923 321.1703859715768 312.84021815337616 317.52008463428064
1699.32547583569 323.445061839686 315.03816432932285 319.7667623139636
1709.148166447457 325.7199329341835 317.23597735282084 322.0138746330525
1718.970857059224 327.9949810729317 319.43362371350656 324.261441072154
1728.7935476709908 330.27017387743774 321.6310521733896 326.50941794068456
1738.6162382827579 332.54549363278466 323.8282262575645 328.7577938605466
1748.438928894525 334.8209233128875 326.0251213770627 331.00657896669105
1758.261619506292 337.0964584329718 328.2217150273111 333.25578382088236
1768.084310118059 339.37208156857116 330.4180051224502 335.50542061367787
1777.907000729826 341.64778540852024 332.6139925705435 337.75550003882483
1787.729691341593 343.9235750890362 334.80966677974834 340.0060224837065
1797.5523819533598 346.19946342766156 337.0050393041253 342.2569711825284
1807.3750725651269 348.47545187187626 339.2001332814146 344.50831985025684
1817.197763176894 350.7515290484958 341.3949626984475 346.76005535815545
1827.020453788661 353.0276932152061 343.58951766558016 349.01218721226513
1836.843144400428 355.3039341309868 345.78376645959185 351.2647059930062
1846.665835012195 357.58025336230037 347.9776782176384 353.51758897178985
1856.4885256239618 359.85667012347886 350.1712409510236 355.7708276107705
1866.3112162357288 362.1331575877886 352.36445346279726 358.0244067868299
1876.1339068474958 364.40968637307213 354.5573411903112 360.27830174814164
1885.9565974592629 366.6862360349893 356.74992757559386 362.5324782998175
1895.77928807103 368.9627914258322 358.9422195956899 364.7868960061748
1905.601978682797 371.23934739108967 361.13424119392505 367.0415098223567
1915.424669294564 373.51586897311637 363.3260272368009 369.2962742497017
1925.2473599063308 375.7922715257033 365.51758524017146 371.5511121229562
1935.0700505180978 378.0685164093417 367.7088945162366 373.80596309164036
1944.8927411298648 380.3445873348677 369.89993966769765 376.0608052261343
1954.7154317416318 382.62049328534016 372.0907334396644 378.31562535052245
1964.5381223533989 384.89623454553515 374.2812902861478 380.5703932857172
1974.360812965166 387.1718040446618 376.47162646983173 382.8250653613426
1984.1835035769327 389.4471850841883 378.6617642420152 385.0795996706647
1994.0061941886997 391.7223622484368 380.8517114641866 387.33398648925356
2003.8288848004668 393.99734306724775 383.04147175201456 389.5882266743847
2013.6515754122338 396.2721243569619 385.2310361494653 391.84233260665417
2023.4742660240008 398.5466719202188 387.4203941730686 394.0963168515243
2033.2969566357679 400.82095970291647 389.60954892325714 396.35016484743346
2043.1196472475349 403.09496730848787 391.79849463242823 398.60385620020605
2052.942337859302 405.3686873887405 393.9872287102842 400.85738343647245
2062.765028471069 407.64212707433495 396.175755991454 403.1107631519051
2072.587719082836 409.9153011172267 398.3641034731968 405.36398790001704
2082.4104096946025 412.188234125733 400.5522904535074 407.6170466217199
2092.2331003063696 414.46094764311056 402.7402997995147 409.86993088766775
2102.0557909181366 416.73347991871117 404.9280985151853 412.1226306320562
2111.8784815299036 419.005852204127 407.11566372414256 414.3751263996361
2121.7011721416707 421.2780759736704 409.30300378376546 416.62740714027586
2131.5238627534377 423.5501546308516 411.49012049407713 418.8794553367157
2141.3465533652047 425.8220810128556 413.6770109616921 421.131261505636
2151.1692439769718 428.0938506767521 415.8636789886178 423.3828516925668
2160.991934588739 430.36546498667605 418.05015624929246 425.6342641839496
2170.814625200506 432.6369295748107 420.2364973590686 427.885529116654
2180.637315812273 434.90824144992126 422.42274713718376 430.13668333930354
2190.46000642404 437.1793847958912 424.60890835741037 432.38774347062235
2200.2826970358065 439.4503589260668 426.7949615846781 434.6387081480336
2210.1053876475735 441.7211615648308 428.9809032487177 436.8895503977682
2219.9280782593405 443.9917812129281 431.1667620486241 439.14025121367587
2229.7507688711075 446.26221788346174 433.3525794880192 441.3908085734805
2239.5734594828746 448.53249275708976 435.53838521694644 443.6412325659415
2249.3961500946416 450.8026126274768 437.7241667506176 445.8915565024861
2259.2188407064086 453.07257406397144 439.9099338975558 448.1418195157386
2269.0415313181757 455.3423499297054 442.09570735193057 450.3920468331668
2278.8642219299427 457.61190327001 444.28150978042527 452.64224798417075
2288.6869125417097 459.8812207691539 446.46737665204284 454.89243393713247
2298.5096031534767 462.15032148254755 448.65333486440835 457.1425954023575
2308.332293765244 464.4191961318311 450.83939352276474 459.39272403768746
2318.154984377011 466.68781951665216 453.025569725883 461.64282091311384
2327.9776749887774 468.9562034124882 455.211881080876 463.8928859892495
2337.8003656005444 471.2243601865906 457.39835381203466 466.1429022262149
2347.6230562123114 473.492290488998 459.58503174013515 468.3928494884611
2357.4457468240785 475.75999808481004 461.77195250691364 470.64277655942925
2367.2684374358455 478.0274830987809 463.9591365176713 472.8926959506563
2377.0911280476125 480.29473826139275 466.1465849599913 475.14258566331023
2386.9138186593796 482.56176491954983 468.3343156080719 477.3924442728469
2396.7365092711466 484.82856303074647 470.5223626662057 479.6423001317123
2406.5591998829136 487.09514736728 472.71077474850404 481.8921747803417
2416.3818904946806 489.3615282633852 474.89958010511594 484.1420850573441
2426.2045811064477 491.6277000059888 477.0887998637413 486.3920590090293
2436.0272717182147 493.89367776100937 479.2784445406688 488.64212900726517
2445.8499623299817 496.1594914083614 481.4685173297366 490.8922658207814
2455.6726529417483 498.4251610033682 483.65902729032643 493.1424424277156
2465.4953435535153 500.6906852177419 485.84998888230365 495.3926523142962
2475.3180341652824 502.95603194465156 488.04141191631504 497.64291568615016
2485.1407247770494 505.22118810250123 490.23330930200376 499.8932501444991
2494.9634153888164 507.48616572912744 492.42568466173094 502.1436476037136
2504.7861060005835 509.7509911230255 494.61854676254086 504.3941198988662
2514.6087966123505 512.015667173208 496.8119051206352 506.64468321957565
2524.4314872241175 514.2801998850578 499.00576794639977 508.89531917059844
2534.2541778358845 516.5446060594101 501.2001377557459 511.1460101472784
2544.0768684476516 518.8088892419179 503.3950184166601 513.3967531332842
2553.8995590594186 521.0730202213867 505.59040446219933 515.6475641160847
2563.7222496711856 523.3369556114085 507.78626980786595 517.8984556088493
2573.5449402829527 525.6006743128919 509.98259002972003 520.1494306742928
2583.3676308947192 527.8641680593635 512.1793646010298 522.4005103720312
2593.1903215064863 530.1274455225338 514.3765792024817 524.6517056698532
2603.0130121182533 532.3905239138783 516.5742046800984 526.9030175545546
2612.8357027300203 534.6534218643632 518.7722455904129 529.154453977185
2622.6583933417874 536.9161537885466 520.970698164626 531.4060197498028
2632.4810839535544 539.178714185977 523.169545729907 533.6577169522076
2642.3037745653214 541.441075743324 525.3687516797578 535.909536098269
2652.1264651770884 543.7032156047691 527.5683123923525 538.1614650549103
2661.9491557888555 545.9651236788094 529.7682432687658 540.4135159965009
2671.7718464006225 548.2268053891632 531.9685732208958 542.6657036600423
2681.5945370123895 550.4882631076085 534.1693376702932 544.918030644678
2691.4172276241566 552.7495042698632 536.3705666425111 547.1704952367418
2701.2399182359236 555.0105251326067 538.5722576530363 549.4231041459743
2711.06260884769 557.2713366088473 540.7743983788574 551.675864980783
2720.885299459457 559.5319683561546 542.9769925614952 553.9287853716766
2730.7079900712242 561.7924492852709 545.1800429355847 556.1818879745003
2740.5306806829913 564.0528217793737 547.3835693703322 558.4352022829946
2750.3533712947583 566.3131123180777 549.5876129523793 560.688748672923
2760.1760619065253 568.5733026879942 551.7921823940559 562.9425159579013
2769.9987525182923 570.8333899667588 553.9972526507235 565.1964925937019
2779.8214431300594 573.0933475518682 556.2028215371168 567.4506626156644
2789.6441337418264 575.3531445882486 558.4089040470699 569.7050162041572
2799.4668243535934 577.6127786608579 560.615453965683 571.9595692712543
2809.2895149653605 579.8722360389296 562.8224489348355 574.2143277137733
2819.1122055771275 582.1315021642724 565.0298929437528 576.469274351084
2828.9348961888945 584.390582950248 567.2377860977246 578.7243820772904
2838.757586800661 586.6494976994283 569.4461079355214 580.9796548536657
2848.580277412428 588.9082820576368 571.6548284075302 583.2350900496765
2858.402968024195 591.1669535800245 573.8639213332818 585.4906677760974
2868.225658635962 593.425520221637 576.0733838170372 587.7463733959584
2878.048349247729 595.6839696996838 578.2832114896244 590.0021932809359
2887.8710398594962 597.9422545196926 580.4933816872502 592.2581175757479
2897.6937304712633 600.2003029902024 582.7038538115885 594.5141611306201
2907.5164210830303 602.4580759560771 584.9146067192327 596.7703500462179
2917.3391116947973 604.7155615859027 587.1256560124576 599.0267001447069
2927.1618023065644 606.9727718765539 589.3370071019816 601.2832159600831
2936.9844929183314 609.2297232825393 591.548659379673 603.5398849782796
2946.8071835300984 611.4864233542066 593.7606112197548 605.7966899323059
2956.629874141865 613.7428794359303 595.9728534511042 608.0536408984174
2966.452564753632 615.9990728298753 598.1853929640595 610.3107554896607
2976.275255365399 618.2549706599013 600.3982302332616 612.56804325333
2986.097945977166 620.5105525060117 602.6113458049798 614.8255023835152
2995.920636588933 622.7657982965522 604.8247195529864 617.0831383343515
3005.7433272007 625.020679213193 607.0383343218577 619.34096671587
3015.566017812467 627.2751875001687 609.2522102295397 621.5989883446147
3025.388708424234 629.5293392740127 611.466360789042 623.857198604842
3035.2113990360012 631.7831758749085 613.6807823673788 626.115572749508
3045.0340896477683 634.0367386279521 615.8954758139056 628.374056029042
3054.8567802595353 636.2900722222754 618.1104301804435 630.6326204977636
3064.6794708713023 638.5432040888804 620.3256053848744 632.8912507081953
3074.5021614830694 640.7961747706055 622.5409774822463 635.1499368090508
3084.324852094836 643.0490279655944 624.7565547029534 637.4086868231425
3094.147542706603 645.3017733538006 626.9723367603827 639.6675096036782
3103.97023331837 647.5544379551885 629.1882938115335 641.9263997199133
3113.792923930137 649.8070196948898 631.4043995415437 644.1853606846933
3123.615614541904 652.0595154324727 633.6206207177227 646.4443670073325
3133.438305153671 654.3119399125412 635.8369344760607 648.70341145316
3143.260995765438 656.5643214240248 638.053349862348 650.9625178681462
3153.083686377205 658.8166762888181 640.269857761849 653.221718503123
3162.906376988972 661.0690250135984 642.4864204535113 655.4810426271844
3172.729067600739 663.3213951147933 644.7030463294709 657.7404912133098
3182.5517582125062 665.5738151100111 646.9197472092989 660.0000661823788
3192.3744488242733 667.8262974991011 649.1365290169313 662.2597721372717
3202.1971394360403 670.0788454637325 651.3533909327332 664.5196409725004
3212.019830047807 672.3314662868898 653.570335715978 666.7797208028936
3221.842520659574 674.5841729135473 655.7873562991566 669.0400668517519
3231.665211271341 676.8369428541466 658.0044603640569 671.3006881307853
3241.487901883108 679.0897327389063 660.2216848434659 673.5615640245517
3251.310592494875 681.3425102287903 662.4390542895903 675.822699568137
3261.133283106642 683.5952361160673 664.6565804681327 678.0841026040708
3270.955973718409 685.8478959372457 666.8742844092427 680.3457608615379
3280.778664330176 688.1004974535109 669.0921921874411 682.6076431623434
3290.601354941943 690.3530248638613 671.3103050338174 684.8697275653286
3300.42404555371 692.6054764860774 673.528574484648 687.1320209857023
3310.246736165477 694.8578756183614 675.7469560981665 689.3945185233094
3320.069426777244 697.1102529531902 677.9654314274544 691.6571971163734
3329.892117389011 699.3626283025501 680.1839969253899 693.9200293106207
3339.714808000778 701.6149739609968 682.4026390660239 696.1829843826928
3349.537498612545 703.8672697782407 684.6213399387157 698.4460441933606
3359.360189224312 706.1195167348185 686.8400808888566 700.7092155074052
3369.182879836079 708.3717327902558 689.0588553191967 702.9725140067901
3379.005570447846 710.6239565350368 691.2776679423429 705.2359423701032
3388.828261059613 712.876213256434 693.4965249373782 707.4994833214325
3398.65095167138 715.1285138066866 695.7154418519244 709.7631180536168
3408.473642283147 717.3808578391588 697.9344678369639 712.0268441203893
3418.296332894914 719.6332507657128 700.1536324427102 714.2906838005244
3428.119023506681 721.8856844234462 702.3729349226545 716.554660915881
3437.941714118448 724.138133600268 704.59236723965 718.8187871131038
3447.764404730215 726.3905861757839 706.8118994450408 721.0830769567714
3457.5870953419817 728.6430511936277 709.0314864557404 723.3475204815697
3467.4097859537487 730.895550057887 711.2511056113412 725.6121102007459
3477.2324765655158 733.148083820716 713.4707611958988 727.8768739886448
3487.055167177283 735.4006132748161 715.6904618778267 730.1418046739893
3496.87785778905 737.653091845928 717.9102459995111 732.4068809857388
3506.700548400817 739.9054889110447 720.1301608708964 734.6721082719931
3516.523239012584 742.1577463926357 722.3502348745361 736.9374700994085
3526.345929624351 744.4098117259601 724.570499007267 739.202939951181
3536.168620236118 746.661671076979 726.7909776715372 741.4685078320701
3545.991310847885 748.9133332140722 729.0116759600885 743.7341908515647
3555.814001459652 751.1648089487663 731.2325790353742 746.0000069706127
3565.636692071419 753.4161175552858 733.4536823406017 748.2659990533583
3575.459382683186 755.6672590862169 735.6749741660731 750.532188937994
3585.2820732949526 757.9181987124362 737.8964399782087 752.7985706827412
3595.1047639067197 760.1689279676857 740.118087580627 755.0651292427168
3604.9274545184867 762.4194567111896 742.3399263997433 757.3318536619065
3614.7501451302537 764.6698003716137 744.5619801880803 759.598732128665
3624.5728357420207 766.9199777533275 746.7842756182965 761.8657581694276
3634.395526353788 769.1699948023036 749.0068426676887 764.1329481207648
3644.218216965555 771.419829505587 751.2297100844333 766.400350018814
3654.040907577322 773.6694790904604 753.452880575903 768.6679967413447
3663.863598189089 775.9189255143198 755.6763549213476 770.9358737418512
3673.686288800856 778.1681089797924 757.9001404573605 773.203964983422
3683.508979412623 780.4169475734994 760.1242846622827 775.4722689205823
3693.33167002439 782.6653738656464 762.34883617478 777.7407974724421
3703.154360636157 784.9134070762143 764.573797110803 780.009535876558
3712.9770512479236 787.1611098227381 766.799144493459 782.2784450094113
3722.7997418596906 789.4085246875442 769.0248547695353 784.5474653779215
3732.6224324714576 791.655665736408 771.2509179920413 786.8165779202644
3742.4451230832246 793.9025036531518 773.4773132154494 789.0858071634102
3752.2678136949917 796.1489613597893 775.7039958339188 791.3551858465104
3762.0905043067587 798.395010713046 777.9309211126857 793.62473972262
3771.9131949185257 800.6406424243759 780.158047421023 795.8944739566898
3781.7358855302928 802.8858732139084 782.3853442477147 798.1643631616485
3791.55857614206 805.1307079112307 784.6128206490903 800.4343716452642
3801.381266753827 807.3751265472556 786.8404907792607 802.7044820722848
3811.203957365594 809.6191434953852 789.0683288430771 804.9747056265231
3821.026647977361 811.8627795866155 791.2962835800449 807.2450746081595
3830.849338589128 814.1060213707117 793.5243260276625 809.5156145854023
3840.6720292008945 816.3488530761837 795.7524304352353 811.7863201526594
3850.4947198126615 818.591254455009 797.9805783027598 814.05716992813
3860.3174104244285 820.8332319680148 800.2087387205645 816.3281263753727
3870.1401010361956 823.0747767858829 802.4368813569129 818.5991693202186
3879.9627916479626 825.3158498099751 804.6649980570511 820.8703051635221
3889.7854822597296 827.556445309963 806.8930761602315 823.141546661011
3899.6081728714967 829.7965570525789 809.1211018639389 825.4128774138159
3909.4308634832637 832.0361486501856 811.3490879640449 827.684290919508
3919.2535540950307 834.2751979602538 813.5770673156954 829.9557852141481
3929.0762447067978 836.5136700700882 815.8050525855489 832.2273631275937
3938.898935318565 838.751541011593 818.033019894104 834.4990212351405
3948.721625930332 840.9887987857737 820.2609634132058 836.7707451760039
3958.544316542099 843.225414901913 822.4889133155222 839.042544746624
3968.3670071538654 845.461372664798 824.7168361340954 841.3144506580852
3978.1896977656324 847.696662397199 826.9447231912819 843.586492707301
3988.0123883773995 849.931274194176 829.1725917958574 845.8586824357857
3997.8350789891665 852.1652146277394 831.4004401904363 848.1310089006943
4007.6577696009335 854.398483418296 833.6282631798044 850.4034936101197
4017.4804602127006 856.631069099755 835.8560489748244 852.676160545375
4027.3031508244676 858.8629676953884 838.0837543678216 854.949021484017
4037.1258414362346 861.0941745939057 840.3113491804602 857.2220773851175
4046.9485320480017 863.3246895353619 842.5388217631098 859.4953493519293
4056.7712226597687 865.5545080694164 844.7661489605908 861.768898507989
4066.5939132715357 867.7836298520922 846.9933035818501 864.0427717201868
4076.4166038833027 870.0120856980669 849.2202838300842 866.3169994195134
4086.2392944950698 872.239957827298 851.447091301077 868.5915943446754
4096.061985106837 874.467296155681 853.6737281996417 870.8665765098401
4105.884675718604 876.6941617734989 855.9001690981717 873.1419740261322
4115.707366330371 878.9206061668272 858.126413240281 875.4177948280055
4125.530056942138 881.1466462468449 860.3525017306911 877.6940323468857
4135.352747553905 883.3723186194212 862.5784522581291 879.9706884327719
4145.175438165672 885.5976779249766 864.8042352061766 882.2477690876084
4154.998128777438 887.8226986464115 867.0298266048735 884.5252828585791
4164.820819389205 890.0473640227666 869.2551803164552 886.803253716871
4174.643510000972 892.2716692274718 871.4802515374864 889.0816856160488
4184.466200612739 894.4956176105758 873.7050324735052 891.3605638225821
4194.288891224506 896.7192365030543 875.9295262992558 893.6398652167535
4204.111581836273 898.9425341553209 878.1537323817089 895.9195754203108
4213.93427244804 901.1654889022651 880.3776524852597 898.1996860439365
4223.756963059807 903.3880653295324 882.6013127289231 900.4801956093961
4233.579653671574 905.6102406528832 884.8247821095244 902.7611163998664
4243.402344283341 907.8320267681323 887.0480951662543 905.0424669710741
4253.225034895108 910.0534510376807 889.2712273821695 907.3242429234226
4263.047725506875 912.2745103506552 891.4941364062661 909.6064498036451
4272.870416118642 914.495180528487 893.7167777855601 911.8891134709276
4282.693106730409 916.7154300941401 895.939136403966 914.1722200648674
4292.5157973421765 918.9352502429012 898.1611491193026 916.4557366745235
4302.3384879539435 921.1546618453085 900.3828080132994 918.7396411233461
4312.1611785657105 923.373679855325 902.6041316096112 921.0239076856006
4321.983869177478 925.5923226723983 904.8250853295888 923.3084795028406
4331.806559789245 927.8106059255115 907.0456534055403 925.5933045937667
4341.629250401012 930.0285428863499 909.2658683082551 927.8783895490632
4351.451941012779 932.2461492106374 911.4857614468441 930.1637508243462
4361.274631624546 934.4634336010528 913.7053653597238 932.449365638846
4371.097322236313 936.6804050132988 915.9246967178182 934.7352201859414
4380.92001284808 938.8970721013224 918.1437420941637 937.0213360273686
4390.742703459847 941.1134208535693 920.3624980432877 939.307756748476
4400.565394071613 943.3293892818091 922.58094889972 941.5945126785382
4410.38808468338 945.5449515614353 924.7990867059041 943.8815999041873
4420.210775295147 947.7601185272347 927.0169373225821 946.1689934109397
4430.033465906914 949.9748885221312 929.2345010162175 948.4566604898373
4439.856156518681 952.1892329902998 931.4517658729077 950.7445624322459
4449.678847130448 954.4031162684511 933.6687183989841 953.0326565911046
4459.501537742215 956.616504773381 935.8853765212697 955.3209151498994
4469.324228353982 958.8293849085081 938.1017559449595 957.6093188894782
4479.146918965749 961.0417526258203 940.3178436007106 959.8978500844026
4488.969609577516 963.2536251623492 942.5336278808787 962.1865027185725
4498.792300189283 965.4650290054701 944.7490968278719 964.475290572808
4508.61499080105 967.6759722990134 946.964226416047 966.7642215019383
4518.437681412817 969.8864413003714 949.1789959236172 969.0532744606649
4528.260372024584 972.096409495282 951.3934014651993 971.3424055053346
4538.083062636351 974.3058489982805 953.6074302752728 973.6315704323941
4547.905753248118 976.514730618238 955.8210620205098 975.9207474223309
4557.728443859885 978.7230236212446 958.0342803785019 978.2099151698558
4567.551134471652 980.9307056807218 960.2470596016144 980.4990532978438
4577.373825083419 983.1377855831927 962.4593970106142 982.7881319470737
4587.1965156951865 985.3442820299286 964.671300468145 985.0770959532318
4597.0192063069535 987.5501856111298 966.882777903986 987.3658605886311
4606.8418969187205 989.7554638697274 969.0938107173843 989.6543538632562
4616.664587530488 991.9601159398692 971.3043641018409 991.9425475739998
4626.487278142255 994.164174666494 973.5144056568226 994.2304390940227
4636.309968754022 996.3676973980585 975.7239287997114 996.5180296572819
4646.132659365789 998.5707282808149 977.932935549568 998.8053081890897
4655.955349977555 1000.7732973958309 980.1414571042677 1001.0922657680499
4665.778040589322 1002.9754103753506 982.3495496786092 1003.3789053465637
4675.600731201089 1005.1770798782228 984.5572750284132 1005.6652374327417
4685.423421812856 1007.3783479307772 986.7646570847986 1007.9512773394854
4695.246112424623 1009.5792699599639 988.971687582767 1010.237027072382
4705.06880303639 1011.7798805919674 991.1783340378886 1012.5224717469671
4714.891493648157 1013.9802131683421 993.3845803574051 1014.8075796724297
4724.714184259924 1016.1802965259993 995.5904599261899 1017.0923170608384
4734.536874871691 1018.3801779316835 997.7960141884773 1019.3766718617901
4744.359565483458 1020.57987856014 1000.0012717356467 1021.6606233396824
4754.182256095225 1022.7793959076508 1002.2062444025036 1023.9441533246121
4764.004946706992 1024.9787366032429 1004.4109284336412 1026.2272868899686
4773.827637318759 1027.177931148699 1006.6153501242562 1028.5100564199006
4783.650327930526 1029.3769955676262 1008.8195298677269 1030.7924711006967
4793.473018542293 1031.5759224656997 1011.0234535451901 1033.0745177581307
4803.29570915406 1033.7746868005647 1013.2270855644339 1035.3561855911908
4813.118399765827 1035.9732707207716 1015.4303821653157 1037.6374553899636
4822.941090377594 1038.1716658194691 1017.6333377352895 1039.9183339303474
4832.763780989361 1040.3698926272928 1019.835965071124 1042.1988464379738
4842.586471601128 1042.5679514914798 1022.0382889157273 1044.478966539676
4852.409162212895 1044.7658153636337 1024.240308165132 1046.7586638929404
4862.231852824662 1046.9634561134349 1026.4420367281286 1049.0379359515998
4872.054543436429 1049.1608564026594 1028.64352629921 1051.3167888802916
4881.877234048196 1051.3580218761117 1030.8448171661043 1053.5952185293356
4891.6999246599635 1053.5549916335324 1033.0458996156913 1055.8732224929931
4901.5226152717305 1055.7517921628173 1035.2467670448573 1058.1507996576186
4911.345305883497 1057.9484100590057 1037.4474437497706 1060.4279549187493
4921.167996495264 1060.144814631713 1039.6479933454546 1062.7046951087643
4930.990687107031 1062.3410208716514 1041.8484226749542 1064.981043575767
4940.813377718798 1064.5370580482263 1044.0486741752684 1067.2570395387613
4950.636068330565 1066.732913776467 1046.2487147875333 1069.5327189636628
4960.458758942332 1068.9285394612668 1048.4485448154774 1071.8080989168252
4970.281449554099 1071.1239209931641 1050.6481550995172 1074.0831959139139
4980.104140165866 1073.319073081314 1052.8475201846345 1076.3579966313498
4989.926830777633 1075.5140216353075 1055.0466186643794 1078.6324597140651
4999.7495213894 1077.7087642563968 1057.245442980709 1080.9065798213248
5009.572212001167 1079.9033331566866 1059.4440094379404 1083.1803574365917
5019.394902612934 1082.0977897902515 1061.6423341976613 1085.453752698509
5029.217593224701 1084.2921499200127 1063.8403973357688 1087.726697716893
5039.040283836468 1086.4863856613945 1066.038193089111 1089.9991507722227
5048.862974448235 1088.6804576215363 1068.2357475993822 1092.2711281145264
5058.685665060002 1090.8743388036316 1070.4330797020746 1094.5426919245244
5068.508355671769 1093.0680501898498 1072.6302089316284 1096.8138997953854
5078.331046283536 1095.2616339371352 1074.8271719065904 1099.0847465956404
5088.153736895303 1097.4551215257268 1077.023979444765 1101.3552238832501
5097.97642750707 1099.6485481155398 1079.220653144382 1103.6253276700509
5107.799118118837 1101.8419103613458 1081.417209597194 1105.8950448131095
5117.621808730604 1104.0352347279174 1083.613633343047 1108.164370416428
5127.444499342371 1106.2285689470139 1085.8099028076251 1110.433306233438
5137.267189954138 1108.421944959905 1088.0060474796014 1112.701861785066
5147.089880565905 1110.6153924213377 1090.2021054886343 1114.9699306851137
5156.912571177671 1112.808913153179 1092.398085028116 1117.2374129865195
5166.7352617894385 1115.0025425094434 1094.5939912524714 1119.5042738013026
5176.5579524012055 1117.1963151513005 1096.7898617049448 1121.77053736587
5186.3806430129725 1119.3902551684066 1098.985734502023 1124.0362456680052
5196.20333362474 1121.5843963459101 1101.1816156914517 1126.301406695236
5206.026024236507 1123.7787315597568 1103.377488460228 1128.5660273566673
5215.848714848274 1125.9732609789407 1105.573320555315 1130.8301550962879
5225.671405460041 1128.1680296678144 1107.7690988214174 1133.0938324429676
5235.494096071808 1130.36305459401 1109.964811407867 1135.3570767503077
5245.316786683575 1132.5582993210417 1112.160434321913 1137.619910700417
5255.139477295342 1134.7537407019984 1114.355950621618 1139.8823585216176
5264.962167907109 1136.9494157179656 1116.5513445096233 1142.1443970928776
5274.784858518876 1139.1453856635524 1118.7466135116497 1144.4060013524481
5284.607549130643 1141.3416506345602 1120.9417892642778 1146.6671910998111
5294.43023974241 1143.5382210659748 1123.1369097897127 1148.9280047129116
5304.252930354177 1145.7351424119386 1125.3319848012572 1151.1884534454302
5314.075620965944 1147.9324380089229 1127.5270169524413 1153.44851552898
5323.898311577711 1150.130130173266 1129.7220283452261 1155.708163476055
5333.721002189478 1152.3282559549937 1131.9170223380652 1157.9674000188445
5343.543692801245 1154.5268540937425 1134.1119651302276 1160.2262761316747
5353.366383413012 1156.7259631657253 1136.3068680421325 1162.4848146995357
5363.189074024779 1158.9255787024163 1138.5017538183274 1164.743020556578
5373.011764636546 1161.1256936983489 1140.6966084576368 1167.000938060458
5382.834455248313 1163.3262973069222 1142.891406250991 1169.2586170401098
5392.65714586008 1165.5273958802718 1145.0861142838642 1171.5160890575435
5402.479836471847 1167.7290095802664 1147.280719241648 1173.7734080693153
5412.302527083613 1169.931153927389 1149.4752386747875 1176.0306056421307
5422.12521769538 1172.1338153529027 1151.6696915042753 1178.2876724970538
5431.947908307147 1174.3369563569875 1153.8641224975026 1180.5446378218205
5441.770598918914 1176.540610992533 1156.0584998729955 1182.8015222179404
5451.593289530681 1178.7447767849271 1158.2528095806708 1185.0583353134425
5461.4159801424485 1180.9494313185046 1160.447058185176 1187.3150973925415
5471.2386707542155 1183.154580159301 1162.64124557832 1189.5718573578936
5481.0613613659825 1185.3601890309903 1164.8353686128296 1191.8286694921128
5490.88405197775 1187.5662252541567 1167.029439275227 1194.085555355489
5500.706742589517 1189.7726801658155 1169.2234701196298 1196.3425336341995
5510.529433201284 1191.9795324996958 1171.4174785128923 1198.5996163363627
5520.352123813051 1194.1867646988126 1173.6114627575091 1200.8567870087686
5530.174814424818 1196.3943436990742 1175.8054315856907 1203.1140335715745
5539.997505036585 1198.602219441457 1177.9994038842285 1205.3713527889493
5549.820195648352 1200.810380496599 1180.193375819322 1207.6287601833544
5559.642886260119 1203.018844246226 1182.3873472830128 1209.8862597325199
5569.465576871886 1205.2276226793251 1184.5813308041645 1212.1438583783126
5579.288267483653 1207.4367276235348 1186.7753774718578 1214.4015871269467
5589.11095809542 1209.6461314848855 1188.9695686067205 1216.6594333737298
5598.933648707187 1211.8557643168772 1191.1639431470655 1218.9174138684605
5608.756339318954 1214.0656252335136 1193.3585037812625 1221.1755308591164
5618.579029930721 1216.2757457038906 1195.5532646526162 1223.4337916579502
5628.401720542488 1218.4861489536856 1197.7482514742496 1225.6922080718477
5638.224411154255 1220.6968784236612 1199.9434633838453 1227.9508037019284
5648.047101766022 1222.907950456676 1202.138899794298 1230.2096079057212
5657.869792377789 1225.119378596572 1204.3345841851656 1232.4686555255364
5667.692482989555 1227.331171101495 1206.5305400220086 1234.727940701249
5677.515173601322 1229.5432918473125 1208.726790067557 1236.9874261482655
5687.337864213089 1231.7556724275778 1210.923319981128 1239.2470679702171
5697.160554824856 1233.9682501595653 1213.1200779503185 1241.5068652196876
5706.983245436623 1236.1810155060791 1215.3170670955644 1243.7668733270234
5716.80593604839 1238.3939575079328 1217.5142775531685 1246.0271211392867
5726.628626660157 1240.6070680426365 1219.7117011144055 1248.2876090936202
5736.451317271924 1242.820335004695 1221.9093248171696 1250.5483637164693
5746.274007883691 1245.0337376162624 1224.1071442093614 1252.8093957194249
5756.096698495458 1247.2472704377149 1226.3051525108822 1255.070717738862
5765.9193891072255 1249.4609545144879 1228.5033228208993 1257.3323113156146
5775.7420797189925 1251.6748102699005 1230.701654122712 1259.5941369949312
5785.5647703307595 1253.8888447132606 1232.900155142685 1261.8561777896812
5795.387460942527 1256.103030607044 1235.098814679825 1264.1184518027092
5805.210151554294 1258.3172695084054 1237.2976009765896 1266.3810153455258
5815.032842166061 1260.5314729730824 1239.4964987715307 1268.6438625988858
5824.855532777828 1262.745627741931 1241.69551966743 1270.9069772918983
5834.678223389595 1264.959728379284 1243.8946617930865 1273.1703448952228
5844.500914001362 1267.1737808069688 1246.0939701729465 1275.4339077452335
5854.323604613129 1269.3877436405016 1248.2934832868727 1277.6976331435646
5864.146295224896 1271.6015822224956 1250.493155966621 1279.961510474163
5873.968985836663 1273.8152870538697 1252.6929755220178 1282.2255404419236
5883.79167644843 1276.0288374441689 1254.892964682031 1284.4897463108146
5893.614367060197 1278.2422500220598 1257.0931350087635 1286.7541350632612
5903.437057671964 1280.4555575336424 1259.293457676812 1289.0187170231827
5913.25974828373 1282.6687677276568 1261.4939119169724 1291.2835027039855
5923.082438895497 1284.8818658544983 1263.6944758337738 1293.548504907183
5932.905129507264 1287.0948261477283 1265.8951040697739 1295.8137488154346
5942.727820119031 1289.307631542753 1268.0957806771432 1298.0792357524417
5952.550510730798 1291.5202740226541 1270.2964783871366 1300.3449431828917
5962.373201342565 1293.732752699142 1272.497128413408 1302.610824210954
5972.195891954332 1295.9450661008498 1274.6976943306688 1304.8768433699236
5982.018582566099 1298.157207250671 1276.8981782705084 1307.1429722631055
5991.841273177866 1300.3691658416308 1279.0985627692792 1309.4091869496863
6001.663963789633 1302.5809461689062 1281.2987896885086 1311.67548497561
6011.4866544014 1304.7925588208457 1283.4988076245813 1313.9418812673396
6021.309345013167 1307.003990278071 1285.6985910342453 1316.2083896067934
6031.132035624934 1309.2151939328419 1287.8981237873056 1318.4750271899698
6040.954726236701 1311.4261574238617 1290.0973926937972 1320.741766383317
6050.777416848468 1313.6368660389242 1292.296369061082 1323.0085680139287
6060.600107460235 1315.8472796451965 1294.495038932496 1325.2753884579197
6070.4227980720025 1318.0573931976999 1296.6934127877314 1327.5421889604734
6080.2454886837695 1320.2672110182102 1298.8915022919787 1329.8089442105095
6090.0681792955365 1322.4767252547178 1301.089310664724 1332.0756776371502
6099.890869907304 1324.6859229658037 1303.2868493261703 1334.342401475511
6109.713560519071 1326.8948202945949 1305.484093704725 1336.6091085588434
6119.536251130838 1329.1034389963302 1307.6810029607527 1338.8758100122968
6129.358941742605 1331.3117693249844 1309.8775969694282 1341.1424848725837
6139.181632354372 1333.519810029255 1312.0739282215818 1343.4090919324228
6149.004322966139 1335.7275737576351 1314.26999708091 1345.6756194505556
6158.827013577906 1337.9350975398645 1316.4657559040463 1347.9420761336926
6168.649704189672 1340.1424253294558 1318.6611737542369 1350.208469047974
6178.472394801439 1342.3495832782642 1320.8562883139134 1352.474765894456
6188.295085413206 1344.5565712002642 1323.0511235393778 1354.7409395773184
6198.117776024973 1346.763378171625 1325.2457180773558 1357.0069816065518
6207.94046663674 1348.9700141837468 1327.4400951073692 1359.2729095632803
6217.763157248507 1351.1764898192544 1329.6342646095977 1361.5387388910406
6227.585847860274 1353.3827965389983 1331.8282390500603 1363.8044718738138
6237.408538472041 1355.5889252561753 1334.022039234974 1366.0701155994811
6247.231229083808 1357.7948439724844 1336.2157002626361 1368.335692886616
6257.053919695575 1360.0004978199754 1338.4092528463414 1370.6011695791108
6266.876610307342 1362.2058980516463 1340.6027416291786 1372.8665110435636
6276.699300919109 1364.4110606677427 1342.7961983910814 1375.131729306829
6286.521991530876 1366.6159970238125 1344.9896778992756 1377.396849886598
6296.344682142643 1368.820707190617 1347.1832138875125 1379.6618841485315
6306.16737275441 1371.0251799711616 1349.3768211104812 1381.9268399310324
6315.990063366177 1373.229388946098 1351.570508707118 1384.191688641718
6325.812753977944 1375.4332914270653 1353.7642926781868 1386.4564199625083
6335.635444589711 1377.63685975477 1355.958187407399 1388.7210348039332
6345.458135201478 1379.8400591556572 1358.1522000426194 1390.9854950990816
6355.280825813245 1382.0428827155074 1360.346331715539 1393.2497812853574
6365.1035164250125 1384.2453109215628 1362.5405382368956 1395.5138726899281
6374.9262070367795 1386.4473187434403 1364.7347917452466 1397.7777422063793
6384.7488976485465 1388.6488831285128 1366.929104782168 1400.0413571222985
6394.571588260314 1390.8499821102453 1369.12347979215 1402.3047032088753
6404.394278872081 1393.0506320143331 1371.3179488117535 1404.5677988562097
6414.216969483847 1395.2508824664928 1373.512513541667 1406.8306433068092
6424.039660095614 1397.4508309509806 1375.7071919616271 1409.093251814799
6433.862350707381 1399.6505773949266 1377.9020124571791 1411.355662462587
6443.685041319148 1401.85017203596 1380.0969818408819 1413.6178343108888
6453.507731930915 1404.0495832239521 1382.2921076551406 1415.8797444466577
6463.330422542682 1406.2487416417607 1384.4873754858475 1418.1414301132365
6473.153113154449 1408.447603807175 1386.6827527813386 1420.402911870059
6482.975803766216 1410.6461554234354 1388.878232388388 1422.6641969489913
6492.798494377983 1412.8443790504878 1391.073802468698 1424.925290348843
6502.62118498975 1415.0422712822551 1393.2694443378246 1427.1861957773608
6512.443875601517 1417.2398341553542 1395.4651374913467 1429.4469561499752
6522.266566213284 1419.437076289065 1397.660861905504 1431.7076188689837
6532.089256825051 1421.633983053404 1399.8566066893698 1433.968194417576
6541.911947436818 1423.8305357652016 1402.0523713398702 1436.2286854776003
6551.734638048585 1426.0267405173925 1404.2481834399862 1438.4890706612043
6561.557328660352 1428.2226016987813 1406.4440720682517 1440.7493165180747
6571.380019272119 1430.4180854325814 1408.6400422127444 1443.0093833039375
6581.202709883886 1432.6131671205635 1410.8360573853915 1445.2691856988379
6591.025400495653 1434.8078512985883 1413.032080897259 1447.528746227848
6600.84809110742 1437.002169632974 1415.228092768222 1449.7881298391203
6610.670781719187 1439.1961542063639 1417.4240890252584 1452.0473762544639
6620.493472330954 1441.3898199014245 1419.6200584422256 1454.3064974852387
6630.316162942721 1443.5831749797594 1421.8160066269875 1456.5654895747825
6640.138853554488 1445.7762375180487 1424.0119614833702 1458.8243500917038
6649.961544166255 1447.9689819413938 1426.2078962287615 1461.0830477692332
6659.784234778022 1450.1613596769243 1428.4037951569017 1463.3415564993707
6669.606925389789 1452.3533322419937 1430.5996583011645 1465.5998319757846
6679.429616001556 1454.5449397214434 1432.795502575369 1467.8578962743325
6689.252306613323 1456.73620025703 1434.9913283338237 1470.115761773447
6699.07499722509 1458.9270987704547 1437.1871550480746 1472.3734435136805
6708.897687836857 1461.1176040794996 1439.3830089549888 1474.6309661021016
6718.720378448624 1463.3076753495845 1441.5789338544466 1476.8883470269654
6728.543069060391 1465.4972480107226 1443.7750171279192 1479.145560644043
6738.365759672158 1467.686289570723 1445.9713028588346 1481.402603319294
6748.188450283925 1469.874801452405 1448.16778410488 1483.6594717756202
6758.011140895692 1472.062786844547 1450.3644649547352 1485.9161214031299
6767.833831507459 1474.2502427765994 1452.5613619769908 1488.1724972016546
6777.656522119226 1476.4371591060808 1454.7584812936225 1490.4285619787404
6787.479212730993 1478.6235297048881 1456.9558054525407 1492.6843192785952
6797.30190334276 1480.8093659506433 1459.1533451654157 1494.9397974528051
6807.124593954527 1482.9946751945806 1461.3510923078686 1497.19503595593
6816.947284566294 1485.1794472829388 1463.549019072229 1499.4500836822792
6826.769975178061 1487.3636352211095 1465.7471049603191 1501.7049850317235
6836.592665789828 1489.5472478960871 1467.94534034328 1503.9597776197536
6846.415356401595 1491.730309491905 1470.1437107617862 1506.2144172575192
6856.238047013362 1493.9128117297635 1472.342201056148 1508.4688647849214
6866.060737625129 1496.0947612390676 1474.5407815790334 1510.7231236133384
6875.883428236896 1498.2761888315406 1476.7394641899195 1512.9771931349046
6885.706118848663 1500.4571328828163 1478.9382817437092 1515.2310791692114
6895.52880946043 1502.637620139434 1481.1372685319693 1517.4848121255745
6905.351500072197 1504.8176937902933 1483.3364497255695 1519.7384059695003
6915.174190683963 1506.9973995406401 1485.5358451559089 1521.9918598039205
6924.99688129573 1509.1767589137103 1487.7354452893971 1524.2451460931793
6934.819571907497 1511.355804695867 1489.9352359599031 1526.4982458044913
6944.6422625192645 1513.5345905778827 1492.1352265572452 1528.751149832482
6954.4649531310315 1515.7131720593045 1494.335412731191 1531.003848755393
6964.2876437427985 1517.8915573322984 1496.53578810265 1533.2563499098567
6974.110334354566 1520.069694933704 1498.73635332005 1535.5086703109248
6983.933024966333 1522.247559709042 1500.9370927013877 1537.7608224067712
6993.7557155781 1524.425153784068 1503.1379996698001 1540.0128051554605
7003.578406189867 1526.6024955719936 1505.339060207422 1542.26458094869
7013.401096801634 1528.7796482889028 1507.5403032481152 1544.516111217496
7023.223787413401 1530.9566731942034 1509.7417884232734 1546.7673913251708
7033.046478025168 1533.1336090877917 1511.943559385905 1549.0184315870843
7042.869168636935 1535.3104615194356 1514.1455834009673 1551.2692390530867
7052.691859248702 1537.4872411608224 1516.3478199238762 1553.5198404521877
7062.514549860469 1539.6639545810838 1518.5502813833505 1555.770298618126
7072.337240472236 1541.8405999278825 1520.7530280575588 1558.0206771506012
7082.159931084003 1544.01718090866 1522.9561066698752 1560.2710117147565
7091.98262169577 1546.1937014241923 1525.1595484788984 1562.52132287674
7101.805312307537 1548.3701667640585 1527.3633334880449 1564.771631862188
7111.628002919304 1550.546577174168 1529.5674214246606 1567.0219725620839
7121.450693531071 1552.7229276918067 1531.7718447627176 1569.2723562493356
7131.273384142838 1554.8992417270213 1533.976628107915 1571.522781520172
7141.096074754605 1557.0755554401944 1536.1817773434875 1573.773232911549
7150.918765366372 1559.2519151147433 1538.3872921831799 1576.0237078853481
7160.741455978139 1561.4283619736163 1540.5931383917844 1578.2742263278165
7170.564146589905 1563.6049014451341 1542.7993044305358 1580.524765630081
7180.386837201672 1565.781539101759 1545.0058431349191 1582.7752719130203
7190.209527813439 1567.958289365436 1547.2127936628524 1585.0256687792985
7200.032218425206 1570.135138255062 1549.4202032289008 1587.2759328451286
7209.854909036973 1572.3120531748725 1551.6280674594645 1589.52611688563
7219.67759964874 1574.488992055382 1553.8363742723925 1591.7762618563195
7229.500290260507 1576.6659511814735 1556.0451340139389 1594.0263893846225
7239.3229808722745 1578.8429347795059 1558.2543733118675 1596.2765306003193
7249.1456714840415 1581.0199432134098 1560.464083289088 1598.5266801751818
7258.9683620958085 1583.196951151762 1562.6742800957927 1600.7768315178316
7268.791052707576 1585.373903941846 1564.8849847839806 1603.0269489465682
7278.613743319343 1587.5507303774052 1567.0962160195959 1605.2769775865231
7288.43643393111 1589.727442299735 1569.3080121123146 1607.5268883402923
7298.259124542877 1591.9040859404106 1571.520429111054 1609.776626564643
7308.081815154644 1594.0806487851062 1573.7334359019007 1612.0261442884957
7317.904505766411 1596.2570870807524 1575.9469769067177 1614.2754639718137
7327.727196378178 1598.4333533526324 1578.1610459132453 1616.5246038296957
7337.549886989945 1600.6094638818238 1580.3756484371634 1618.7735999319748
7347.372577601712 1602.7854235920154 1582.5907383386038 1621.0224852990823
7357.195268213479 1604.961273003509 1584.806282528275 1623.2712916690964
7367.017958825246 1607.137016159395 1587.022295437475 1625.5200150470482
7376.840649437013 1609.3126368444268 1589.2388050138043 1627.768644095863
7386.66334004878 1611.488065959054 1591.455800896691 1630.0171105880993
7396.486030660547 1613.6632464178213 1593.6732275417528 1632.265301496962
7406.308721272314 1615.8381913051583 1595.8910238714466 1634.5131570827996
7416.131411884081 1618.0129104578616 1598.1091386870203 1636.7606395922396
7425.954102495847 1620.187362924552 1600.3274947369543 1639.0076916244807
7435.776793107614 1622.361512234733 1602.5460377123316 1641.2542237340951
7445.599483719381 1624.535336094194 1604.7647851958823 1643.5002373782531
7455.422174331148 1626.7088550132144 1606.9837787347228 1645.7458060200593
7465.244864942915 1628.8820851542234 1609.203002934536 1647.9909894837854
7475.067555554682 1631.0550351976026 1611.4224249185688 1650.2358102749888
7484.890246166449 1633.2276869098712 1613.6420511747506 1652.4802628638865
7494.712936778216 1635.4000159746506 1615.8619153877585 1654.7243324649423
7504.535627389983 1637.5720135014517 1618.0820175224355 1656.9680196453955
7514.35831800175 1639.743691218094 1620.3022994569426 1659.2113688702173
7524.181008613517 1641.91503274043 1622.5227350918376 1661.4544227313413
7534.003699225284 1644.0860067063265 1624.7433089408112 1663.6972029823487
7543.8263898370515 1646.2565671961322 1626.963966354638 1665.9397295054303
7553.6490804488185 1648.4266853023653 1629.1846770876002 1668.1819743170558
7563.4717710605855 1650.5963310922173 1631.4053949723825 1670.423874142306
7573.294461672353 1652.7655029974724 1633.6261271428868 1672.6654088207674
7583.11715228412 1654.9342534358289 1635.8469091361285 1674.9066014757182
7592.939842895887 1657.1025838606038 1638.0677573701919 1677.14747518193
7602.762533507654 1659.2704726909851 1640.2886971085338 1679.3880227699888
7612.585224119421 1661.4379155607978 1642.5097126432195 1681.6282610877067
7622.407914731188 1663.6049294481354 1644.7307543069214 1683.8681800195725
7632.230605342955 1665.7715225748748 1646.95178522165 1686.1077658341746
7642.053295954722 1667.9377052914665 1649.1727641241296 1688.3470055445994
7651.875986566489 1670.103486765587 1651.3936784009916 1690.5859402518245
7661.698677178256 1672.2688571283177 1653.6145181953293 1692.8246583447765
7671.521367790022 1674.4337810350569 1655.8352866767993 1695.0631741644354
7681.344058401789 1676.5982018322031 1658.0560288000217 1697.3014945706261
7691.166749013556 1678.7620622125487 1660.2767643343711 1699.539669124384
7700.989439625323 1680.9253129292506 1662.4974500593232 1701.7777721283792
7710.81213023709 1683.087921482088 1664.7180488124368 1704.0158258546323
7720.634820848857 1685.249868337386 1666.9385348817978 1706.2538064400915
7730.457511460624 1687.4111476423664 1669.1588706314335 1708.4916621725195
7740.280202072391 1689.5717799997012 1671.379016514576 1710.729359199428
7750.102892684158 1691.731769931712 1673.598943286805 1712.966890041077
7759.925583295925 1693.8910909704182 1675.8186597949227 1715.2042281959946
7769.748273907692 1696.0497450471184 1678.038206785464 1717.4412989382822
7779.570964519459 1698.2077367956874 1680.2575823171237 1719.6780386452206
7789.393655131226 1700.3650486241006 1682.4767831648326 1721.9144185093637
7799.216345742993 1702.5216360093723 1684.6958097339664 1724.1504150857481
7809.03903635476 1704.677465624535 1686.9146441569042 1726.3860413176064
7818.861726966527 1706.8325316421447 1689.1332657049038 1728.6213171305155
7828.684417578294 1708.986850737796 1691.3516595699587 1730.8562567231797
7838.507108190061 1711.1403993859476 1693.56981251486 1733.0909010172586
7848.3297988018285 1713.2931275375438 1695.787729135068 1735.3252755309252
7858.1524894135955 1715.4449735278288 1698.0053562747016 1737.5593699489668
7867.9751800253625 1717.5959120871087 1700.2226246717942 1739.7931401966582
7877.79787063713 1719.7459444740082 1702.4395409789995 1742.0265258268341
7887.620561248897 1721.8950772037144 1704.6561065032045 1744.2594807825658
7897.443251860664 1724.0433048614432 1706.8722983336943 1746.4919704857023
7907.265942472431 1726.1906633594333 1709.0881230142252 1748.7239674591522
7917.088633084198 1728.3371998938765 1711.3035718861825 1750.9554772625636
7926.911323695964 1730.4829430131715 1713.518639519544 1753.1865066809287
7936.734014307731 1732.6279290702482 1715.7333071614946 1755.4170843527118
7946.556704919498 1734.772192400785 1717.9476165615683 1757.6472352278074
7956.379395531265 1736.9157279068204 1720.1616222332186 1759.8769573304123
7966.202086143032 1739.0585011943385 1722.3753379744485 1762.1062456107568
7976.024776754799 1741.2004586314629 1724.5887598869367 1764.3350802553252
7985.847467366566 1743.3415567982086 1726.8019252769145 1766.563453387801
7995.670157978333 1745.4818453444275 1729.0148551075472 1768.791379153918
8005.4928485901 1747.6213887906824 1731.227551041654 1771.0188952100327
8015.315539201867 1749.7601964398777 1733.4400916134382 1773.2460791058343
8025.138229813634 1751.8982614865358 1735.6525375144188 1775.4729412032448
8034.960920425401 1754.035561331186 1737.864881518248 1777.699433773851
8044.783611037168 1756.1720866846965 1740.0770970405024 1779.9254822643254
8054.606301648935 1758.3078794683533 1742.2891657010523 1782.151046756383
8064.428992260702 1760.4429651557746 1744.5010925368579 1784.3761363536569
8074.251682872469 1762.5773598474204 1746.7129007647136 1786.600766661817
8084.074373484236 1764.7110964371977 1748.924580381479 1788.8249643884071
8093.897064096003 1766.8442188342701 1751.1361064137718 1791.0487500266852
8103.71975470777 1768.9767822912763 1753.3474343567482 1793.2720753764825
8113.542445319537 1771.1088210563098 1755.558530462166 1795.494857212232
8123.365135931304 1773.240387496086 1757.7694240864828 1797.7170381169399
8133.187826543071 1775.3715486092906 1759.9801330830746 1799.9386110773783
8143.010517154838 1777.5023409574014 1762.1905962743328 1802.1596145012384
8152.8332077666055 1779.632776169561 1764.4007529129544 1804.3801295613293
8162.6558983783725 1781.762849292682 1766.6106188754027 1806.600215465805
8172.4785889901395 1783.8925889382265 1768.8202516802241 1808.8198921408864
8182.301279601906 1786.0220446702253 1771.029640496636 1811.0392015964196
8192.123970213674 1788.1512766108053 1773.238748584465 1813.2581747431336
8201.94666082544 1790.2803611992329 1775.4475223155105 1815.4767773105666
8211.769351437208 1792.4093263370303 1777.6559521473823 1817.6950026073798
8221.592042048975 1794.5381777244008 1779.864056916568 1819.9128592705956
8231.414732660742 1796.6669038394302 1782.071817040552 1822.1303434133954
8241.237423272509 1798.7954975487962 1784.279217110107 1824.3474480062212
8251.060113884276 1800.92400013199 1786.4862410248522 1826.564176195069
8260.882804496043 1803.052478051437 1788.6928774764426 1828.7805620207828
8270.70549510781 1805.180933700373 1790.899127916983 1830.9966482795553
8280.528185719577 1807.3093521043631 1793.1049802808639 1833.2124894555163
8290.350876331344 1809.4377203699592 1795.310474631875 1835.4280776873106
8300.17356694311 1811.5660456080275 1797.5156259795294 1837.6433604102554
8309.996257554876 1813.6943546833145 1799.7204423952182 1839.858321281592
8319.818948166643 1815.8226615062595 1801.9249559845284 1842.0729861778339
8329.64163877841 1817.9509518780958 1804.1292026089286 1844.2873846591272
8339.464329390177 1820.0792291115722 1806.3331885672926 1846.5015415123632
8349.287020001944 1822.207530015848 1808.536916655045 1848.7154651193678
8359.109710613711 1824.335935654213 1810.7403681206579 1850.9291789645395
8368.932401225478 1826.464505368608 1812.943448523015 1853.1426694761046
8378.755091837245 1828.593249440619 1815.1461157462247 1855.355920924458
8388.577782449012 1830.7221214842482 1817.3483651002425 1857.5689658329823
8398.40047306078 1832.85106886054 1819.5501786209443 1859.7818152647194
8408.223163672546 1834.980068918722 1821.7515922512687 1861.994423561631
8418.045854284313 1837.109095909433 1823.9525973519026 1864.2067282000387
8427.86854489608 1839.238132505431 1826.1531471753901 1866.4186865380489
8437.691235507848 1841.3671488053503 1828.3532171063257 1868.6303093945107
8447.513926119615 1843.4961558058224 1830.5527997864249 1870.8416113527255
8457.336616731382 1845.6252316876514 1832.7519064449746 1873.052610528496
8467.159307343149 1847.7544581770403 1834.9506169815088 1875.2633693837333
8476.981997954916 1849.883893097851 1837.1489425844889 1877.4739212998354
8486.804688566683 1852.013512318831 1839.3468607662314 1879.6842640825741
8496.62737917845 1854.1432473448772 1841.544353707298 1881.8944405489547
8506.450069790217 1856.2730290873976 1843.7414482244778 1884.1044770068738
8516.272760401984 1858.402841990473 1845.9381895934016 1886.3143854469024
8526.09545101375 1860.532670540811 1848.1346103077037 1888.5242203196833
8535.918141625518 1862.6625048381168 1850.3307383185258 1890.7340246485235
8545.740832237285 1864.7923807921409 1852.5265855997686 1892.9437408720366
8555.563522849052 1866.9223377268181 1854.7221425530302 1895.1532879505378
8565.386213460819 1869.0523978940787 1856.917416779111 1897.3626357490937
8575.208904072586 1871.1825788025058 1859.1124442105695 1899.5717512294352
8585.031594684353 1873.3128995290253 1861.3072718423236 1901.7805998840713
8594.85428529612 1875.4433903435536 1863.501921884726 1903.9892189409447
8604.676975907887 1877.574083446305 1865.6963825502098 1906.1976170812068
8614.499666519654 1879.7050053685684 1867.8906195828274 1908.4057770069196
8624.322357131421 1881.836172701259 1870.0845863294933 1910.61371800291
8634.145047743188 1883.967604439571 1872.278265362964 1912.8214768407656
8643.967738354955 1886.0993073589057 1874.4716867898019 1915.0290504862078
8653.790428966722 1888.2312902574722 1876.664951321695 1917.2364187572502
8663.61311957849 1890.363554468712 1878.8580797111508 1919.4436005082962
8673.435810190256 1892.4960673389953 1881.0510714215832 1921.6506480298378
8683.258500802023 1894.6287979684105 1883.243951287854 1923.8575633471753
8693.08119141379 1896.7617666652707 1885.4367322546707 1926.064352913172
8702.903882025557 1898.8949849271596 1887.6294213666304 1928.2710659988059
8712.726572637324 1901.02845839996 1889.8220217989249 1930.4777480089201
8722.549263249091 1903.1622332721097 1892.0145431900132 1932.6843849962224
8732.371953860858 1905.2963372588708 1894.2069993000928 1934.8909612803725
8742.194644472625 1907.4307703053198 1896.399387364544 1937.0974559034776
8752.017335084392 1909.565520365785 1898.5917042984113 1939.3038760992404
8761.84002569616 1911.7005465013765 1900.7839661782855 1941.5102261090121
8771.662716307927 1913.8358645099413 1902.9762245311047 1943.7165075587836
8781.485406919694 1915.9714881657742 1905.1685203536736 1945.922712446259
8791.30809753146 1918.1073958690415 1907.3608668344796 1948.1288036172916
8801.130788143226 1920.2435640683245 1909.5532268296124 1950.3347572882208
8810.953478754993 1922.3800061072611 1911.7455934645388 1952.540572371708
8820.77616936676 1924.5167638365233 1913.9379686759023 1954.7462305395852
8830.598859978527 1926.6538764416268 1916.13032282359 1956.9517252559824
8840.421550590294 1928.791386493287 1918.3226341889067 1959.1570473655413
8850.244241202061 1930.929300721931 1920.514896405816 1961.3622370664307
8860.066931813828 1933.0676174201662 1922.7070950910515 1963.5673319904076
8869.889622425595 1935.206369137947 1924.8992177929208 1965.7723679338085
8879.712313037362 1937.3455879281316 1927.091257134456 1967.9773327735993
8889.535003649129 1939.4852714868487 1929.2831816568907 1970.1822113279704
8899.357694260896 1941.6254343990609 1931.4748755097082 1972.3869784822828
8909.180384872663 1943.7660617017186 1933.6662767238274 1974.591652407714
8919.00307548443 1945.9071566966734 1935.857344612908 1976.796268703688
8928.825766096197 1948.0487413242074 1938.048067579764 1979.000867134598
8938.648456707964 1950.190779620308 1940.238450390989 1981.2054362290423
8948.471147319731 1952.3331818366883 1942.4285144173032 1983.409960111255
8958.293837931498 1954.4758850682676 1944.6182512315102 1985.6144592468731
8968.116528543265 1956.6188238320024 1946.8075936720968 1987.8189891412485
8977.939219155032 1958.7619589880348 1948.996505861315 1990.0235270525798
8987.7619097668 1960.9052799111357 1951.1849992473824 1992.228001653804
8997.584600378566 1963.0487847791799 1953.3730854468363 1994.4324038059115
9007.407290990333 1965.1924849056134 1955.5607610133663 1996.6367593245402
9017.2299816021 1967.3363905071662 1957.7480033403474 1998.8410705278304
9027.052672213867 1969.4805050203702 1959.9347531412864 2001.0453242227775
9036.875362825635 1971.6248119886845 1962.120950181026 2003.2495026732745
9046.698053437402 1973.7692871458328 1964.3065798722666 2005.4536055889002
9056.520744049169 1975.9138549627178 1966.4916542556691 2007.6576244019836
9066.343434660936 1978.058445330691 1968.6761628638192 2009.8615429123972
9076.166125272703 1980.2030233955131 1970.8600477176801 2012.0653415716733
9085.98881588447 1982.3475901695224 1973.0433017363375 2014.269009808603
9095.811506496237 1984.4921531617467 1975.2259664614623 2016.4725624019272
9105.634197108004 1986.6366877660569 1977.408082654688 2018.6760107815055
9115.45688771977 1988.7812072212514 1979.5896327864168 2020.879351373952
9125.279578331538 1990.9257575581864 1981.7706145458947 2023.0825704825645
9135.102268943305 1993.070420320799 1983.951026794598 2025.2856460145401
9144.924959555072 1995.2152555645337 1986.1308230291095 2027.4885318909478
9154.747650166839 1997.3602720913696 1988.3099297564447 2029.6912021376495
9164.570340778606 1999.5054700010874 1990.4883068065387 2031.8936507784965
9174.393031390373 2001.6508411014681 1992.6659463781098 2034.0959321402304
9184.21572200214 2003.7963982430051 1994.8428427551526 2036.2981133074347
9194.038412613907 2005.942193057888 1997.0189692531874 2038.5002836197784
9203.861103225674 2008.088225596433 1999.1943099131597 2040.702509610617
9213.683793837441 2010.234465191907 2001.3688980713587 2042.9048060775162
9223.506484449208 2012.380881229697 2003.5427595760602 2045.107199793459
9233.329175060975 2014.5274720864702 2005.7159036867909 2047.3097342960637
9243.151865672742 2016.6742643037894 2007.8883207088572 2049.512363311731
9252.97455628451 2018.821276842251 2010.059999797026 2051.715052753912
9262.797246896276 2020.9685129382904 2012.2309380004567 2053.917793284024
9272.619937508043 2023.1160020091306 2014.4011246440994 2056.1205543428223
9282.44262811981 2025.263740790563 2016.5706231646861 2058.323297673993
9292.265318731577 2027.4117232207404 2018.7395202170014 2060.526052067519
9302.088009343344 2029.55997085591 2020.9077891312013 2062.7289154480786
9311.91069995511 2031.7084900390162 2023.0753543353126 2064.9319512829943
9321.733390566877 2033.857275839677 2025.2421636778597 2067.135175976492
9331.556081178644 2036.0063622058567 2027.408153752851 2069.338630749711
9341.37877179041 2038.1557858074775 2029.5732643174058 2071.542352781421
9351.201462402178 2040.3055345455189 2031.7374989010136 2073.746342523376
9361.024153013945 2042.4555898588094 2033.9008696831759 2075.950604578425
9370.846843625712 2044.6059583397864 2036.0634061236333 2078.155161826898
9380.669534237479 2046.7566398330418 2038.225106170738 2080.3600404026192
9390.492224849246 2048.9076379191424 2040.3859392429897 2082.5652363524746
9400.314915461013 2051.0590158141076 2042.5458902434918 2084.770788355766
9410.13760607278 2053.210826462702 2044.704999000772 2086.976666483956
9419.960296684547 2055.363105567344 2046.863281665985 2089.182870498134
9429.782987296314 2057.5158423302337 2049.020719662007 2091.389404195127
9439.60567790808 2059.6689783739116 2051.1772980656733 2093.5962529411263
9449.428368519848 2061.8224349780558 2053.3330692522422 2095.8034296505793
9459.251059131615 2063.9761707935468 2055.4880754602773 2098.010913246534
9469.073749743382 2066.130189502282 2057.6423097273355 2100.2186826883867
9478.896440355149 2068.284527127045 2059.7957818138025 2102.426765013271
9488.719130966916 2070.4392440182905 2061.94854384451 2104.635196706013
9498.541821578683 2072.594418873123 2064.100623730555 2106.843991742284
9508.36451219045 2074.750157611059 2066.2520567271513 2109.0531435919534
9518.187202802217 2076.9064884315953 2068.4028861588185 2111.262666290481
9528.009893413984 2079.0633697089743 2070.5531183834846 2113.4726119676493
9537.832584025751 2081.2207899139635 2072.7027944320475 2115.683019300139
9547.655274637518 2083.3787892396 2074.851945477059 2117.893904029024
9557.477965249285 2085.537379781625 2077.000582129437 2120.105246117313
9567.300655861052 2087.6965573863768 2079.148702867392 2122.316963129965
9577.12334647282 2089.8563444790816 2081.2963332251147 2124.5290152731686
9586.946037084586 2092.016736872463 2083.443465054461 2126.741356169719
9596.768727696353 2094.1777749554367 2085.5900646243 2128.9539582151415
9606.59141830812 2096.3395252290647 2087.736107530076 2131.1667942148097
9616.414108919887 2098.502026153524 2089.8816131032327 2133.379830628159
9626.236799531654 2100.6652500839386 2092.026638928723 2135.5930727533787
9636.059490143421 2102.8291422508414 2094.171185538048 2137.8064859668275
9645.882180755189 2104.9936395169857 2096.3152055720516 2140.0200645131135
9655.704871366956 2107.15869117429 2098.458702068517 2142.233849655357
9665.527561978723 2109.3242816861225 2100.60173048936 2144.4479276833745
9675.35025259049 2111.4904220378367 2102.7443360770044 2146.662294579566
9685.172943202257 2113.657111021212 2104.8864807883847 2148.8769492561523
9694.995633814024 2115.8243166096413 2107.028093900821 2151.0918922764063
9704.81832442579 2117.992038708498 2109.16913325731 2153.3070941952014
9714.641015037558 2120.160282760522 2111.309626689056 2155.5225379538856
9724.463705649325 2122.3290339305604 2113.4496515969017 2157.73826526594
9734.286396261092 2124.4982935042913 2115.5892341330336 2159.9543107017003
9744.109086872859 2126.6680733766484 2117.7283878201188 2162.1706495803564
9753.931777484626 2128.8384191687232 2119.8671595602627 2164.3872023780605
9763.754468096393 2131.0093587155416 2122.005587069114 2166.603945512285
9773.57715870816 2133.180882057664 2124.143721518945 2168.8209107946664
9783.399849319927 2135.35295923084 2126.281587274207 2171.0381162419994
9793.222539931694 2137.525594901057 2128.419161859923 2173.25551719218
9803.045230543461 2139.6988363185606 2130.5564306748524 2175.4730425787775
9812.867921155226 2141.872735266157 2132.6934415991163 2177.6906500786263
