0.0 0.0003749774863477877 0.00037544101691436554 0.0003751720572693052
9.822690611766994 0.0003661333112065256 0.00036654658815728826 0.0003662802441520113
19.645381223533988 0.0003489128568091386 0.00034924630797744346 0.0003489878247288173
29.468071835300982 0.00033211737059011295 0.0003323637148047339 0.0003321070247307738
39.290762447067976 0.00031753323996245154 0.0003177091476355453 0.00031743289108466697
49.11345305883497 0.0003048478288481226 0.00030497817323318747 0.0003046667420480126
58.936143670601965 0.0002935397627004257 0.00029363761793138414 0.0002932849551171818
68.75883428236895 0.0002832120033474706 0.00028329879925980604 0.00028289565961856606
78.58152489413595 0.0002735986964988389 0.0002736801241192118 0.0002732304792466833
88.40421550590295 0.00026451524863989594 0.00026458569131304524 0.0002641095565312754
98.22690611766994 0.00025585681745225443 0.0002559062429803687 0.00025540459535107983
108.04959672943693 0.00024756105650163934 0.0002475952830370334 0.00024704424832037926
117.87228734120393 0.00023957665764086104 0.00023962552211448265 0.00023899585166439665
127.69497795297093 0.00023185272637654415 0.00023196151306727861 0.00023123936135819673
137.5176685647379 0.0002243465199681546 0.00022455392681869815 0.00022376039988719067
147.3403591765049 0.0002170670308749076 0.00021735957653323872 0.00021654717015387012
157.1630497882719 0.0002100273013341041 0.00021036473708972505 0.00020957638906568137
166.9857404000389 0.00020322844142083637 0.00020358049203243023 0.0002028288195449474
176.8084310118059 0.00019666832531003872 0.00019699300802256697 0.00019630103814761768
186.63112162357288 0.00019032407760360338 0.00019060584355774966 0.00018998330220762968
196.45381223533988 0.00018418043025449603 0.00018442493760935808 0.00018385690056430123
206.27650284710688 0.00017823314837178033 0.00017845492891717268 0.0001779078820763886
216.09919345887386 0.00017246506811182974 0.00017270361168199741 0.00017214977404170182
225.92188407064086 0.0001668880300004463 0.00016715823679278052 0.00016660093910626233
235.74457468240786 0.0001615147298878543 0.0001617982177332632 0.00016126021416439887
245.56726529417486 0.00015633298238295053 0.00015662428077079112 0.00015610374407125661
255.38995590594186 0.0001513197092003164 0.00015163704706284745 0.00015111222828380187
265.21264651770883 0.00014647596253461922 0.00014682919271739834 0.00014626470437320243
275.0353371294758 0.00014180242412856767 0.00014218640685385403 0.00014155886500124765
284.85802774124284 0.00013731126590156608 0.00013770880611242245 0.00013701283033663666
294.6807183530098 0.00013300785239758585 0.00013339463444045035 0.0001326309399683835
304.50340896477684 0.00012886488632135327 0.00012923003161970984 0.00012840124749324784
314.3260995765438 0.00012485096942791929 0.00012521559179089764 0.00012432150640409668
324.1487901883108 0.00012095396223315907 0.00012134539151593482 0.00012038420935331714
333.9714808000778 0.0001171639065152246 0.00011761743701394548 0.00011657881609430174
343.7941714118448 0.0001134709445777485 0.00011403407832748301 0.00011290402494514542
353.6168620236118 0.0001098772095893455 0.00011059127411785748 0.00010937008251125505
363.4395526353788 0.0001064009050534314 0.0001072610924369284 0.00010599201536961534
373.26224324714576 0.00010304772798966747 0.00010402747181081954 0.00010276019851038186
383.0849338589128 9.981186466665335e-05 0.0001009029107505395 9.965195360139866e-05
392.90762447067976 9.668713134760466e-05 9.790031272566693e-05 9.665753057474043e-05
402.73031508244674 9.368569501631628e-05 9.50126413037145e-05 9.377857655007587e-05
412.55300569421377 9.080974494940918e-05 9.222502237149857e-05 9.100409540660507e-05
422.37569630598074 8.80330828502116e-05 8.95170863026132e-05 8.832953511593834e-05
432.1983869177477 8.534881923492057e-05 8.687762272349536e-05 8.574694497433412e-05
442.02107752951474 8.275134133069282e-05 8.4321079861863e-05 8.32355632974202e-05
451.8437681412817 8.025122647785587e-05 8.187106331314547e-05 8.079060730248528e-05
461.66645875304874 7.785492848458054e-05 7.952819641685242e-05 7.841610494059428e-05
471.4891493648157 7.555519458628856e-05 7.726536015736925e-05 7.613491474428654e-05
481.3118399765827 7.333528740959374e-05 7.506662116565406e-05 7.395147677461328e-05
491.1345305883497 7.118108100897312e-05 7.292983389158571e-05 7.183468922209294e-05
500.9572212001167 6.907781307982157e-05 7.0848146799051e-05 6.976473743006252e-05
510.7799118118837 6.703132619547726e-05 6.880351018838259e-05 6.775241060590943e-05
520.6026024236506 6.505937947924207e-05 6.679899490365509e-05 6.580195367311525e-05
530.4252930354177 6.316409867875547e-05 6.485619200324976e-05 6.39096021377831e-05
540.2479836471847 6.132079067905133e-05 6.297017363176163e-05 6.208414458670967e-05
550.0706742589516 5.9523599691118804e-05 6.111562363734653e-05 6.032119037203363e-05
559.8933648707186 5.777330777205953e-05 5.9294236796681986e-05 5.862681881342069e-05
569.7160554824857 5.608525943375985e-05 5.752890545750848e-05 5.698570990528238e-05
579.5387460942527 5.446005546808946e-05 5.581828581084392e-05 5.537588569834728e-05
589.3614367060196 5.2891136292734455e-05 5.4161795954134036e-05 5.378408748126218e-05
599.1841273177866 5.1373481988458745e-05 5.255333120071823e-05 5.2221628435567765e-05
609.0068179295537 4.990359149659794e-05 5.098873450445636e-05 5.0707825749851086e-05
618.8295085413206 4.8471100482297684e-05 4.947239551329955e-05 4.924638704834208e-05
628.6521991530876 4.7065184627094846e-05 4.801797255572675e-05 4.784315160658939e-05
638.4748897648547 4.569156991949371e-05 4.663064920975623e-05 4.649539937140236e-05
648.2975803766216 4.4351550987822793e-05 4.530841061509756e-05 4.519253007235752e-05
658.1202709883886 4.303720355691625e-05 4.404757417247547e-05 4.3934246609881445e-05
667.9429616001556 4.176158032301608e-05 4.2831517827191497e-05 4.2719201775355154e-05
677.7656522119225 4.0544363411143175e-05 4.163299952471354e-05 4.154457847970133e-05
687.5883428236896 3.93927294131853e-05 4.0437856404767414e-05 4.040395921245712e-05
697.4110334354566 3.829422778903982e-05 3.924230533143028e-05 3.929602207249757e-05
707.2337240472236 3.723177739250661e-05 3.8048386869676443e-05 3.821817430277724e-05
717.0564146589905 3.62022317371828e-05 3.6869341543903046e-05 3.716625825514364e-05
726.8791052707576 3.5210174219554836e-05 3.571858768459352e-05 3.6129417801189965e-05
736.7017958825246 3.425910334939684e-05 3.4599528865513915e-05 3.510297779445222e-05
746.5244864942915 3.333965373246572e-05 3.3531559717393664e-05 3.4108908078210865e-05
756.3471771060586 3.243589451586023e-05 3.251758751151393e-05 3.315981697330891e-05
766.1698677178256 3.1546848756112186e-05 3.155158967192725e-05 3.224086554948146e-05
775.9925583295925 3.0664160850555555e-05 3.061533678688733e-05 3.134571102675137e-05
785.8152489413595 2.9795120728977486e-05 2.9722868421523953e-05 3.047301813152468e-05
795.6379395531266 2.894530853462745e-05 2.888209927023278e-05 2.9626850224016e-05
805.4606301648935 2.8118846162168888e-05 2.807492499088347e-05 2.880068053358652e-05
815.2833207766605 2.732077382692155e-05 2.7287925138877054e-05 2.7977376156032544e-05
825.1060113884275 2.653939469100541e-05 2.6513345786118107e-05 2.7151936306076997e-05
834.9287020001944 2.576903095091455e-05 2.5752413399211148e-05 2.6333049729199478e-05
844.7513926119615 2.502091316084019e-05 2.5018446851179844e-05 2.552414340302239e-05
854.5740832237285 2.43015218691816e-05 2.4301036212067877e-05 2.473589109249261e-05
864.3967738354954 2.3619223455038034e-05 2.3571508960142384e-05 2.3971735547956854e-05
874.2194644472625 2.297733367408649e-05 2.2831859433102188e-05 2.3236467016001784e-05
884.0421550590295 2.235305529196142e-05 2.2095791089149786e-05 2.252656768550154e-05
893.8648456707965 2.1727730231400484e-05 2.1374306599017637e-05 2.1841211880356582e-05
903.6875362825634 2.1081154258826555e-05 2.0671184508930005e-05 2.1182088914769334e-05
913.5102268943305 2.040997061040769e-05 1.9983050424249298e-05 2.0544905632938317e-05
923.3329175060975 1.9724410294082197e-05 1.931529286476101e-05 1.9926291501503683e-05
933.1556081178644 1.903630386003344e-05 1.8667122198560345e-05 1.9314145771278703e-05
942.9782987296314 1.8355512613648435e-05 1.8042735373363058e-05 1.870010374276729e-05
952.8009893413985 1.7688778717293076e-05 1.7449010860293715e-05 1.80821676774829e-05
962.6236799531654 1.706277324630205e-05 1.6877450085951986e-05 1.7474243187598286e-05
972.4463705649324 1.648992586411624e-05 1.632941007863673e-05 1.689827128809823e-05
982.2690611766994 1.5961433853173312e-05 1.5810595545877227e-05 1.6358049342599673e-05
992.0917517884664 1.546626508776603e-05 1.5331116873064113e-05 1.5856734401191253e-05
1001.9144424002334 1.4997842134816983e-05 1.4892539376463824e-05 1.5375128957781205e-05
1011.7371330120004 1.4540584571455742e-05 1.4468820728045327e-05 1.4888811820654077e-05
1021.5598236237674 1.4092926720815737e-05 1.4050043595721555e-05 1.439679670162566e-05
1031.3825142355345 1.3652795538257888e-05 1.3639605921199633e-05 1.3904026478202029e-05
1041.2052048473013 1.3213560748766176e-05 1.3238776025259587e-05 1.3423907793546064e-05
1051.0278954590683 1.278052883267359e-05 1.2845627917180103e-05 1.2969028971030968e-05
1060.8505860708353 1.2368031700773648e-05 1.2456434521689103e-05 1.2541604015691844e-05
1070.6732766826024 1.199161935726832e-05 1.2075574991188315e-05 1.2148499884903881e-05
1080.4959672943694 1.1657869284254692e-05 1.17086903417542e-05 1.1787405035698355e-05
1090.3186579061364 1.1357214717905109e-05 1.1361549138264922e-05 1.145673079256821e-05
1100.1413485179032 1.1073432269648245e-05 1.1027564056125407e-05 1.1149223858780647e-05
1109.9640391296703 1.0798559424205655e-05 1.070780424738498e-05 1.0840840597038195e-05
1119.7867297414373 1.0532144807758746e-05 1.0394473757878775e-05 1.051934330369061e-05
1129.6094203532043 1.0262379638821601e-05 1.0075759636881704e-05 1.0205862351965115e-05
1139.4321109649713 9.981949042639251e-06 9.750703882271029e-06 9.912016104516849e-06
1149.2548015767384 9.705160622744207e-06 9.435382097719455e-06 9.631243370195436e-06
1159.0774921885054 9.43829871474755e-06 9.133242163870693e-06 9.365634664877414e-06
1168.9001828002722 9.184217900718504e-06 8.837158780567762e-06 9.118270355329713e-06
1178.7228734120392 8.94246567346765e-06 8.540852149417776e-06 8.865883693814141e-06
1188.5455640238063 8.702349804018209e-06 8.251391779806291e-06 8.606031864941069e-06
1198.3682546355733 8.45232889074404e-06 7.974129839725682e-06 8.356677766891609e-06
1208.1909452473403 8.19627995843508e-06 7.714282383491796e-06 8.12333603935089e-06
1218.0136358591074 7.940608929095122e-06 7.4676937573440536e-06 7.897021036203565e-06
1227.8363264708742 7.683190129582897e-06 7.2388792210109184e-06 7.67506349154245e-06
1237.6590170826412 7.436701795475615e-06 7.0277940244776785e-06 7.454608894378312e-06
1247.4817076944082 7.2153263322003415e-06 6.824463375930827e-06 7.237131463322787e-06
1257.3043983061752 7.0146894843725805e-06 6.619828414510197e-06 7.0240431179639375e-06
1267.1270889179423 6.809881489929927e-06 6.403641080817139e-06 6.810290312834829e-06
1276.9497795297093 6.593172128799059e-06 6.17924442048546e-06 6.611542906012437e-06
1286.7724701414763 6.3689371808241875e-06 5.948254220930888e-06 6.412984252659966e-06
1296.5951607532431 6.142236430649998e-06 5.719660666138977e-06 6.196060912083452e-06
1306.4178513650102 5.921812938889045e-06 5.504560859357081e-06 5.9690877032942035e-06
1316.2405419767772 5.71202444477755e-06 5.305741317768968e-06 5.752649239239684e-06
1326.0632325885442 5.511327257863111e-06 5.118342863775019e-06 5.55707436926903e-06
1335.8859232003113 5.340532712272739e-06 4.950943835674816e-06 5.385416615936976e-06
1345.7086138120783 5.208946585681846e-06 4.807694836674524e-06 5.231280070364096e-06
1355.531304423845 5.095603157067928e-06 4.695864961803695e-06 5.078966924263789e-06
1365.3539950356121 4.992869478456308e-06 4.611589797857688e-06 4.9219318507812875e-06
1375.1766856473791 4.882913069426427e-06 4.544146132754451e-06 4.76182811821869e-06
1384.9993762591462 4.751656216814331e-06 4.473731993754876e-06 4.606091489856057e-06
1394.8220668709132 4.6109890060883825e-06 4.400424580345696e-06 4.452698282674988e-06
1404.6447574826802 4.455158984459322e-06 4.330537580466167e-06 4.3003082414321425e-06
1414.4674480944473 4.285079110202557e-06 4.268398547203834e-06 4.137824455444229e-06
1424.290138706214 4.1105256347732304e-06 4.207385081827855e-06 3.96125209280622e-06
1434.112829317981 3.947144734325548e-06 4.148628413175192e-06 3.792165659837313e-06
1443.9355199297481 3.8032931424298806e-06 4.095149482518511e-06 3.635191104975986e-06
1453.7582105415152 3.6818778655049578e-06 4.0422532400168255e-06 3.485918393680996e-06
1463.5809011532822 3.5696763238489677e-06 3.995370407524879e-06 3.3530868568336895e-06
1473.4035917650492 3.4598935375370946e-06 3.9583320257604275e-06 3.2563004673685925e-06
1483.226282376816 3.361795085976226e-06 3.931134736288283e-06 3.2018078077270283e-06
1493.048972988583 3.2951092020440077e-06 3.928004545031766e-06 3.170917242600103e-06
1502.87166360035 3.2625953520020566e-06 3.945304852448148e-06 3.1492815300198356e-06
1512.694354212117 3.2571385496857508e-06 3.9552710821336076e-06 3.137633902337835e-06
1522.5170448238841 3.269790045678162e-06 3.942992665525269e-06 3.128320320194508e-06
1532.3397354356512 3.278567923354723e-06 3.916305192677169e-06 3.0933713546123027e-06
1542.162426047418 3.267551795420339e-06 3.878013859424248e-06 3.020269340866776e-06
1551.985116659185 3.2473728190284648e-06 3.83491712935602e-06 2.936295713878463e-06
1561.807807270952 3.227763861623108e-06 3.801513897644903e-06 2.863767335755831e-06
1571.630497882719 3.1986330387580576e-06 3.7753385123589247e-06 2.7938328586316433e-06
1581.453188494486 3.150148222793169e-06 3.7420561449786723e-06 2.7190754676528676e-06
1591.2758791062531 3.097421673026403e-06 3.6904398350193967e-06 2.6284856126036027e-06
1601.0985697180201 3.0632553008433327e-06 3.6266497231465983e-06 2.5102015677051833e-06
1610.921260329787 3.049056206570057e-06 3.5618190721527544e-06 2.3537453419643547e-06
1620.743950941554 3.058509229602701e-06 3.4924511669456514e-06 2.1579368237311122e-06
1630.566641553321 3.0848889577945304e-06 3.4197261272832085e-06 1.9394661257284306e-06
1640.389332165088 3.1076395065950598e-06 3.352507487197078e-06 1.727902405937161e-06
1650.212022776855 3.1131009439365995e-06 3.2871700844828494e-06 1.5424630828500399e-06
1660.034713388622 3.1086166226411333e-06 3.225709295478602e-06 1.3960617782150237e-06
1669.857404000389 3.1222083733476555e-06 3.186145548872945e-06 1.2760672432292279e-06
1679.680094612156 3.158357425509405e-06 3.168609398293348e-06 1.1505895232908561e-06
1689.502785223923 3.1943034113940116e-06 3.1499609414412716e-06 1.0211591569197265e-06
1699.32547583569 3.217430332655059e-06 3.1121293558441773e-06 8.914509271641113e-07
1709.148166447457 3.2309599009861495e-06 3.0558127784785863e-06 7.635434380644358e-07
1718.970857059224 3.2320933143241494e-06 2.9898953063448403e-06 6.346899887673768e-07
1728.7935476709908 3.205606443910261e-06 2.9316189017553004e-06 4.946191037463892e-07
1738.6162382827579 3.1679636640030018e-06 2.8776973437891783e-06 3.56617419653067e-07
1748.438928894525 3.1353478812227034e-06 2.8241908621049886e-06 2.3807265951692676e-07
1758.261619506292 3.1116376631449175e-06 2.777037642451287e-06 1.490211402462691e-07
1768.084310118059 3.0968724223393634e-06 2.735626474743475e-06 9.22475958962487e-08
1777.907000729826 3.092342368328916e-06 2.6972672936131547e-06 5.1740934394257115e-08
1787.729691341593 3.0805972469199254e-06 2.6664975842195792e-06 1.228028706549784e-08
1797.5523819533598 3.04950223432985e-06 2.6404240590620544e-06 -2.4649535720671083e-08
1807.3750725651269 3.0038119207784643e-06 2.6006083041492262e-06 -4.383248488368695e-08
1817.197763176894 2.952566187037752e-06 2.5280384106792615e-06 -4.946897326103217e-08
1827.020453788661 2.900870991353477e-06 2.4477690680454066e-06 -5.1404651675477026e-08
1836.843144400428 2.8622145030389848e-06 2.3862913449088493e-06 -4.440419125182341e-08
1846.665835012195 2.844058656533291e-06 2.3350426259220437e-06 -2.7691935685348297e-08
1856.4885256239618 2.8395809555743908e-06 2.302254675070747e-06 4.6977974788497355e-09
1866.3112162357288 2.834462593720364e-06 2.2928512139965004e-06 4.9404379953806104e-08
1876.1339068474958 2.824756280625098e-06 2.316584669041327e-06 1.051680867934131e-07
1885.9565974592629 2.8017430618151003e-06 2.37150609961589e-06 1.7689484093048668e-07
1895.77928807103 2.7653883613480728e-06 2.4248655234603805e-06 2.542827866826627e-07
1905.601978682797 2.7404018313983363e-06 2.4528168137906828e-06 3.188669208366868e-07
1915.424669294564 2.7305554425175783e-06 2.4573999281408244e-06 3.560017482899125e-07
1925.2473599063308 2.7238835310454077e-06 2.4506951619471076e-06 3.7045399392887154e-07
1935.0700505180978 2.7197139920838054e-06 2.4430340800505773e-06 3.8958519581147823e-07
1944.8927411298648 2.7197739828138187e-06 2.4368117358619734e-06 4.229752981155336e-07
1954.7154317416318 2.725903340257458e-06 2.425214858609752e-06 4.64942280695318e-07
1964.5381223533989 2.7193831951857076e-06 2.410840928664438e-06 5.082361315705208e-07
1974.360812965166 2.6962859452056495e-06 2.4036020797150667e-06 5.303654320172432e-07
1984.1835035769327 2.6661461226514213e-06 2.398546282113516e-06 5.252304129057367e-07
1994.0061941886997 2.6450218783608526e-06 2.384567593191761e-06 4.966847273132912e-07
2003.8288848004668 2.645920686037711e-06 2.361536042853464e-06 4.418881429343304e-07
2013.6515754122338 2.670714765533621e-06 2.3372174542760915e-06 3.7087942059974407e-07
2023.4742660240008 2.708976175977431e-06 2.310100982442749e-06 3.043588214904132e-07
2033.2969566357679 2.7369869699826326e-06 2.2781364645257355e-06 2.5695788313139386e-07
2043.1196472475349 2.7317054076144117e-06 2.2296310138360926e-06 2.172507371771856e-07
2052.942337859302 2.7062969401135746e-06 2.1794658494031074e-06 1.8113573164248594e-07
2062.765028471069 2.6870654102537187e-06 2.157894658282288e-06 1.499144124876915e-07
2072.587719082836 2.682856451602204e-06 2.165244243442566e-06 1.239672325196607e-07
2082.4104096946025 2.6838989669118882e-06 2.1812737064486665e-06 8.922927673417506e-08
2092.2331003063696 2.6858164517727145e-06 2.179632717552698e-06 3.477990333197082e-08
2102.0557909181366 2.686292994601057e-06 2.1424922274161084e-06 -3.1938858475450426e-08
2111.8784815299036 2.6871546753228456e-06 2.0770355074664085e-06 -9.683978815251864e-08
2121.7011721416707 2.6872422805502986e-06 2.0043670183625354e-06 -1.376071765683433e-07
2131.5238627534377 2.6894712896035226e-06 1.9450003463462376e-06 -1.584170862957651e-07
2141.3465533652047 2.6690638134802418e-06 1.923121359058347e-06 -1.8124348442196107e-07
2151.1692439769718 2.621426143368254e-06 1.9237587648408187e-06 -2.1736943143128543e-07
2160.991934588739 2.572940801865092e-06 1.918200445725544e-06 -2.5858874963489344e-07
2170.814625200506 2.5349432824392808e-06 1.9019009964593817e-06 -3.010901660411696e-07
2180.637315812273 2.502944286885473e-06 1.8732977845894912e-06 -3.4717607536505565e-07
2190.46000642404 2.4820302029867326e-06 1.8285450004219326e-06 -3.9016115850397043e-07
2200.2826970358065 2.4679283340534747e-06 1.7787991330185267e-06 -4.1920356152007383e-07
2210.1053876475735 2.4579260597880824e-06 1.737935747163937e-06 -4.3797621351748015e-07
2219.9280782593405 2.46966047380275e-06 1.7125447994415834e-06 -4.5724785812469787e-07
2229.7507688711075 2.506170690259081e-06 1.7055771948838318e-06 -4.912472810835537e-07
2239.5734594828746 2.540636385220518e-06 1.7074974994526825e-06 -5.322009831580884e-07
2249.3961500946416 2.549754570020992e-06 1.7045024994385649e-06 -5.67974598423026e-07
2259.2188407064086 2.54975539584583e-06 1.6963939799154692e-06 -5.893754595518942e-07
2269.0415313181757 2.5546301136992684e-06 1.6889970850025605e-06 -5.812706094972444e-07
2278.8642219299427 2.557221054151167e-06 1.6775135650607564e-06 -5.607848419249487e-07
2288.6869125417097 2.5425064784516496e-06 1.6438980047585828e-06 -5.496188266019941e-07
2298.5096031534767 2.4997762144019435e-06 1.5916596908353266e-06 -5.524464117432595e-07
2308.332293765244 2.4394313855588835e-06 1.5534833918834958e-06 -5.645054953598513e-07
2318.154984377011 2.3902498857001668e-06 1.537004439774241e-06 -5.720269474527698e-07
2327.9776749887774 2.3653134937304073e-06 1.5242468797639084e-06 -5.79647631776239e-07
2337.8003656005444 2.363702611569941e-06 1.495077911055136e-06 -6.054716056448822e-07
2347.6230562123114 2.371534861729512e-06 1.4441961484698258e-06 -6.560144927215001e-07
2357.4457468240785 2.3771933208767085e-06 1.398699734731754e-06 -7.245360347946155e-07
2367.2684374358455 2.382671657307237e-06 1.3726982407110981e-06 -7.977366344378536e-07
2377.0911280476125 2.3941642174461483e-06 1.3688028963685026e-06 -8.632604488710475e-07
2386.9138186593796 2.4171181768868913e-06 1.381942191393558e-06 -9.071081029290438e-07
2396.7365092711466 2.4540822551772455e-06 1.4072922833420494e-06 -9.35965666616775e-07
2406.5591998829136 2.5081845271216135e-06 1.4315067083978795e-06 -9.646608195365775e-07
2416.3818904946806 2.5742905597190694e-06 1.4450686923594182e-06 -9.925061650660267e-07
2426.2045811064477 2.631323124554185e-06 1.4449598980515955e-06 -1.0092077075267314e-06
2436.0272717182147 2.6598307663873388e-06 1.438931852901035e-06 -1.0107424057463208e-06
2445.8499623299817 2.665591768543046e-06 1.4452525793929623e-06 -9.992374291853971e-07
2455.6726529417483 2.66436402027924e-06 1.4744959553016558e-06 -9.748824643444086e-07
2465.4953435535153 2.6630768372228337e-06 1.5158408534249975e-06 -9.392715614289133e-07
2475.3180341652824 2.6718968759725793e-06 1.553909747457129e-06 -8.95268002604271e-07
2485.1407247770494 2.6752337654928743e-06 1.5753270969874842e-06 -8.662563723436252e-07
2494.9634153888164 2.6684114284440376e-06 1.5708470176511638e-06 -8.648681229595153e-07
2504.7861060005835 2.655838097041842e-06 1.5432090258098744e-06 -8.774928448002223e-07
2514.6087966123505 2.6374074622576235e-06 1.504401523902895e-06 -8.83516718871896e-07
2524.4314872241175 2.618206690928745e-06 1.4602328283907715e-06 -8.718384328658305e-07
2534.2541778358845 2.6055860491879653e-06 1.4093471137941113e-06 -8.543412572572206e-07
2544.0768684476516 2.6003243000978907e-06 1.354303714609906e-06 -8.253180507174924e-07
2553.8995590594186 2.5716990837858827e-06 1.299186470166352e-06 -7.92296647971058e-07
2563.7222496711856 2.503924660697309e-06 1.2553825872231156e-06 -7.662256079976913e-07
2573.5449402829527 2.4320711980995703e-06 1.2206942027010474e-06 -7.528565354834997e-07
2583.3676308947192 2.372629198691996e-06 1.2016023485807937e-06 -7.440161120885803e-07
2593.1903215064863 2.308815632079804e-06 1.1928336284693198e-06 -7.310012588703885e-07
2603.0130121182533 2.2255820916613865e-06 1.1798312494261409e-06 -7.054549844495736e-07
2612.8357027300203 2.1110197096008682e-06 1.1668946654342836e-06 -6.697939644851759e-07
2622.6583933417874 1.972332918587763e-06 1.1469166876174064e-06 -6.404956043049791e-07
2632.4810839535544 1.826066339725771e-06 1.13180549175588e-06 -6.227165932599746e-07
2642.3037745653214 1.680188871877832e-06 1.1438891134804351e-06 -6.18214384513009e-07
2652.1264651770884 1.545687042267108e-06 1.1808635531371268e-06 -6.200504155004799e-07
2661.9491557888555 1.4394923269045777e-06 1.2171735910920674e-06 -6.207388908242888e-07
2671.7718464006225 1.3609049752219914e-06 1.2389059724982368e-06 -6.246269258106064e-07
2681.5945370123895 1.296144991116276e-06 1.247379994942147e-06 -6.340988974737029e-07
2691.4172276241566 1.2366417951403163e-06 1.2489436834438954e-06 -6.510347626230219e-07
2701.2399182359236 1.2031040448028841e-06 1.258122787202082e-06 -6.67631877786405e-07
2711.06260884769 1.2068797880070405e-06 1.2968853826422502e-06 -6.742082645314684e-07
2720.885299459457 1.2318547064180917e-06 1.3688126411536748e-06 -6.844771447717064e-07
2730.7079900712242 1.254760405078278e-06 1.4685019404441096e-06 -7.172499502479271e-07
2740.5306806829913 1.2491280762354517e-06 1.5868285823551634e-06 -7.621805856746885e-07
2750.3533712947583 1.2120988659376646e-06 1.7210241452167504e-06 -7.842873989447829e-07
2760.1760619065253 1.1615278027072012e-06 1.8608610588638476e-06 -7.697009151987882e-07
2769.9987525182923 1.1139412370225375e-06 1.9846572828912083e-06 -7.471398757918538e-07
2779.8214431300594 1.0841262124696996e-06 2.095718819911939e-06 -7.323153053779455e-07
2789.6441337418264 1.0732131347939227e-06 2.2101857308270588e-06 -7.221905461481612e-07
2799.4668243535934 1.0869698051883051e-06 2.321809147707723e-06 -7.129770824381273e-07
2809.2895149653605 1.1089996870536431e-06 2.4155903710813746e-06 -6.894919737314983e-07
2819.1122055771275 1.1021818052175197e-06 2.499020975720285e-06 -6.59585312708716e-07
2828.9348961888945 1.0700264955676334e-06 2.588094167724983e-06 -6.389702703794248e-07
2838.757586800661 1.0431642027795678e-06 2.688960047224533e-06 -6.323073267422692e-07
2848.580277412428 1.0234437168664806e-06 2.797593539654195e-06 -6.62131061984517e-07
2858.402968024195 9.9617968450892e-07 2.9061036105592084e-06 -7.339719555482429e-07
2868.225658635962 9.635911063697304e-07 3.006464709908583e-06 -8.308131380357899e-07
2878.048349247729 9.448221500198242e-07 3.0925841868320314e-06 -9.33685116452981e-07
2887.8710398594962 9.429104630321323e-07 3.1568550450477833e-06 -1.0336892633186287e-06
2897.6937304712633 9.356679741301097e-07 3.204925968709409e-06 -1.1199433407580203e-06
2907.5164210830303 8.95702935201105e-07 3.2469406271534806e-06 -1.1896838291340126e-06
2917.3391116947973 8.136926223385547e-07 3.304730451457399e-06 -1.25808734920381e-06
2927.1618023065644 7.177849833713615e-07 3.3944769486073037e-06 -1.332991005305254e-06
2936.9844929183314 6.301456011333778e-07 3.503407727700264e-06 -1.4124258356303247e-06
2946.8071835300984 5.502842088042272e-07 3.6076515661855032e-06 -1.4850679530095334e-06
2956.629874141865 4.8525741383835e-07 3.685400895043877e-06 -1.543098140625471e-06
2966.452564753632 4.372253832666166e-07 3.7188423779107427e-06 -1.5914641965839278e-06
2976.275255365399 4.060077644275606e-07 3.7152413207577446e-06 -1.6277695338224908e-06
2986.097945977166 3.901606213949704e-07 3.697129429136604e-06 -1.646250226373325e-06
2995.920636588933 3.870909873856705e-07 3.6792177973409764e-06 -1.6464852458389334e-06
3005.7433272007 3.8817022635314195e-07 3.6647588691853056e-06 -1.6316835017506918e-06
3015.566017812467 3.797526917035585e-07 3.6487368432067936e-06 -1.6023612153685812e-06
3025.388708424234 3.621305007583448e-07 3.6340521103282877e-06 -1.5555626849145946e-06
3035.2113990360012 3.2805122030023846e-07 3.6148996995532224e-06 -1.5007023905908562e-06
3045.0340896477683 2.8785026061853704e-07 3.5846390925097934e-06 -1.4523649604855004e-06
3054.8567802595353 2.478224808033726e-07 3.5551164265240455e-06 -1.408894567135826e-06
3064.6794708713023 1.9829188398976378e-07 3.5421157018302706e-06 -1.366902545676601e-06
3074.5021614830694 1.4202928169984855e-07 3.5515624254858238e-06 -1.3285236252269177e-06
3084.324852094836 1.0250941682685476e-07 3.5747708374804473e-06 -1.2887929917712419e-06
3094.147542706603 8.373156097166061e-08 3.596959049550848e-06 -1.2439658099058442e-06
3103.97023331837 7.84065512972757e-08 3.6097096190189792e-06 -1.1936050179500188e-06
3113.792923930137 8.133698574640997e-08 3.6093175445513486e-06 -1.1398907512793825e-06
3123.615614541904 8.451656744778679e-08 3.6022090281765633e-06 -1.0876166772782552e-06
3133.438305153671 8.117902439714223e-08 3.5880220413902827e-06 -1.0271887794452623e-06
3143.260995765438 8.38415274478505e-08 3.5694613632339823e-06 -9.619215972593343e-07
3153.083686377205 1.1316399521038335e-07 3.553394931291821e-06 -9.03898270280394e-07
3162.906376988972 1.697606947371281e-07 3.5410875496792204e-06 -8.511017254183989e-07
3172.729067600739 2.3257998099991868e-07 3.5262358874636197e-06 -8.013426471821321e-07
3182.5517582125062 2.817898704452143e-07 3.4940873131464416e-06 -7.607243567758138e-07
3192.3744488242733 3.2360455228368103e-07 3.4499725915990456e-06 -7.335761275478421e-07
3202.1971394360403 3.732451159135481e-07 3.411823573595546e-06 -7.050476158668481e-07
3212.019830047807 4.2679751367072364e-07 3.3764805842778955e-06 -6.648854105877285e-07
3221.842520659574 4.803819283726954e-07 3.3443316367967364e-06 -6.045004536071273e-07
3231.665211271341 5.284262128915552e-07 3.319087128706852e-06 -5.318782007959493e-07
3241.487901883108 5.65533031739418e-07 3.2885607768869165e-06 -4.5948539616320236e-07
3251.310592494875 5.978595618133234e-07 3.2556466081136713e-06 -4.0250241387519883e-07
3261.133283106642 6.085578693946631e-07 3.237185106848633e-06 -3.5733966863730077e-07
3270.955973718409 5.986579541914191e-07 3.2302447459559483e-06 -3.0894946080911205e-07
3280.778664330176 5.957337196796922e-07 3.2126192720780816e-06 -2.5279832127911735e-07
3290.601354941943 6.105366361189707e-07 3.1783051563422837e-06 -2.0442869750048845e-07
3300.42404555371 6.29412558290623e-07 3.1332866206800094e-06 -1.8488217035433184e-07
3310.246736165477 6.428156239094294e-07 3.097338307729835e-06 -1.8171855976597698e-07
3320.069426777244 6.571304462300641e-07 3.0795201884678628e-06 -1.8041064476331554e-07
3329.892117389011 6.735429964816583e-07 3.0681205950859685e-06 -1.6868795277752415e-07
3339.714808000778 6.885462220560238e-07 3.0431531301592803e-06 -1.4091449338368017e-07
3349.537498612545 7.053188294054209e-07 2.997763779444819e-06 -1.149060293966365e-07
3359.360189224312 7.224092252627191e-07 2.9384702425098983e-06 -1.1048113061539412e-07
3369.182879836079 7.442963326058062e-07 2.8594725975721787e-06 -1.3230473645768042e-07
3379.005570447846 7.875863496133859e-07 2.750189105101881e-06 -1.615063302966586e-07
3388.828261059613 8.62847183158157e-07 2.6296024595005633e-06 -1.6867725852474285e-07
3398.65095167138 9.62455808456874e-07 2.527278901847745e-06 -1.530571762148005e-07
3408.473642283147 1.0626703508480399e-06 2.458352383481269e-06 -1.1989598236217368e-07
3418.296332894914 1.1494893164167529e-06 2.4162223118759972e-06 -7.23997972606701e-08
3428.119023506681 1.2231307100761976e-06 2.400699167887663e-06 -1.4336996408397639e-08
3437.941714118448 1.2959052671105953e-06 2.4008735451145254e-06 4.678752946354814e-08
3447.764404730215 1.3614947161415577e-06 2.3974999211327673e-06 1.0038758777713754e-07
3457.5870953419817 1.4168169581953839e-06 2.379442236531595e-06 1.4412489079451248e-07
3467.4097859537487 1.4742203081708298e-06 2.342405993402779e-06 1.9912172929037928e-07
3477.2324765655158 1.5344415539499116e-06 2.2811066017227514e-06 2.691821611173538e-07
3487.055167177283 1.5939921791239857e-06 2.2011825088662333e-06 3.521880362873556e-07
3496.87785778905 1.6523670167697503e-06 2.1125189586186814e-06 4.4827100102656137e-07
3506.700548400817 1.703432741702531e-06 2.0150886252158665e-06 5.459431017065737e-07
3516.523239012584 1.7365437203979359e-06 1.9143137366797955e-06 6.435179598863508e-07
3526.345929624351 1.7507642595164333e-06 1.8255698475588818e-06 7.280681916156952e-07
3536.168620236118 1.756197269314699e-06 1.7542489710995661e-06 7.875967977994511e-07
3545.991310847885 1.774802330849403e-06 1.692533979243658e-06 8.296764994768575e-07
3555.814001459652 1.8209820639818502e-06 1.637057922963603e-06 8.689924340293275e-07
3565.636692071419 1.8756797100041045e-06 1.5946104629071795e-06 9.123746933267158e-07
3575.459382683186 1.9212543967615037e-06 1.5684251041857663e-06 9.551263022395603e-07
3585.2820732949526 1.951829704814448e-06 1.5652299564529455e-06 9.885488859271086e-07
3595.1047639067197 1.9561386343927154e-06 1.5817512539820065e-06 1.0296643821040949e-06
3604.9274545184867 1.9477647393235745e-06 1.6006124640454826e-06 1.0932128007179727e-06
3614.7501451302537 1.9441502990495817e-06 1.6237394886344814e-06 1.1668258314602398e-06
3624.5728357420207 1.937321880818832e-06 1.6611598544106644e-06 1.2226407939913902e-06
3634.395526353788 1.917121132254674e-06 1.7084756845405014e-06 1.258811239092351e-06
3644.218216965555 1.8884729754904163e-06 1.752563555520755e-06 1.2945349704204776e-06
3654.040907577322 1.8534644333309182e-06 1.7808590830829445e-06 1.338730398826791e-06
3663.863598189089 1.817421778523034e-06 1.7834797934893382e-06 1.3939704621515066e-06
3673.686288800856 1.7858112156106924e-06 1.748023059564322e-06 1.4542705931094686e-06
3683.508979412623 1.7527298436652969e-06 1.6792725473710546e-06 1.5098865721538414e-06
3693.33167002439 1.7266549350740936e-06 1.6036886487346947e-06 1.5647327088986076e-06
3703.154360636157 1.7236225731846855e-06 1.526283769786578e-06 1.6310709104010947e-06
3712.9770512479236 1.7274204784023975e-06 1.439292056383118e-06 1.706053756567893e-06
3722.7997418596906 1.7077389669118016e-06 1.3495416944495458e-06 1.7791310234916976e-06
3732.6224324714576 1.6773080386058722e-06 1.2788919992296216e-06 1.8359229933948852e-06
3742.4451230832246 1.6622586406621636e-06 1.2327342035175256e-06 1.8554319762115617e-06
3752.2678136949917 1.6544313778657456e-06 1.1950901324945048e-06 1.8387722366735654e-06
3762.0905043067587 1.6284030401734744e-06 1.1521047617620598e-06 1.8070933529764238e-06
3771.9131949185257 1.5762290054563182e-06 1.1082545200544255e-06 1.7755478246642716e-06
3781.7358855302928 1.5045180644470435e-06 1.0758816310768512e-06 1.7531772237504065e-06
3791.55857614206 1.416466559441857e-06 1.047200014595425e-06 1.7404630840766978e-06
3801.381266753827 1.31976982139619e-06 1.0098483266620899e-06 1.7364857881556867e-06
3811.203957365594 1.229151347445552e-06 9.62450994044921e-07 1.7469304013698675e-06
3821.026647977361 1.144375525692155e-06 9.279907645988972e-07 1.76220245833674e-06
3830.849338589128 1.0606432114848082e-06 9.117536513642128e-07 1.760910191368203e-06
3840.6720292008945 9.806926958217127e-07 8.948745879861262e-07 1.740655129436783e-06
3850.4947198126615 9.025224122309823e-07 8.605237014587031e-07 1.710780763184896e-06
3860.3174104244285 8.267953324470046e-07 7.993241986785039e-07 1.6672510763024732e-06
3870.1401010361956 7.528195863903583e-07 7.120613882998252e-07 1.6227333363874087e-06
3879.9627916479626 6.621921310143766e-07 6.115709567704482e-07 1.6092892498220138e-06
3889.7854822597296 5.478266440218392e-07 5.237026260045412e-07 1.6285952869437533e-06
3899.6081728714967 4.2918772419516025e-07 4.581717806362224e-07 1.652376767401936e-06
3909.4308634832637 3.1347489078859754e-07 4.100391249054569e-07 1.6729421799282474e-06
3919.2535540950307 1.906320350381321e-07 3.7593365723239983e-07 1.6930618536537571e-06
3929.0762447067978 5.799038129569118e-08 3.5280913376532844e-07 1.7111820363447878e-06
3938.898935318565 -8.622357862130806e-08 3.464231874485994e-07 1.7309483698450272e-06
3948.721625930332 -2.3628827324931993e-07 3.4003341717127336e-07 1.756547848262486e-06
3958.544316542099 -3.905214736744062e-07 3.178674134349499e-07 1.7866745723622263e-06
3968.3670071538654 -5.336013047812123e-07 2.7697442182287395e-07 1.8232657928793119e-06
3978.1896977656324 -6.650866735381073e-07 2.3227289429054584e-07 1.8673953268602512e-06
3988.0123883773995 -7.837046596514944e-07 2.1267706912503453e-07 1.9064187411692124e-06
3997.8350789891665 -8.935445935548025e-07 2.2205556411420423e-07 1.9263017227416063e-06
4007.6577696009335 -9.91000512581815e-07 2.3748216139683301e-07 1.9343489369945792e-06
4017.4804602127006 -1.0602031577486189e-06 2.4431537587327626e-07 1.945237586779327e-06
4027.3031508244676 -1.0947042871794607e-06 2.3641113103599198e-07 1.9645558479523838e-06
4037.1258414362346 -1.0932109770590108e-06 2.1680995055845695e-07 1.980370255856591e-06
4046.9485320480017 -1.0800130647165083e-06 1.9515400353087108e-07 1.981893904225329e-06
4056.7712226597687 -1.080315679909856e-06 1.8063874004732123e-07 1.9666244979182055e-06
4066.5939132715357 -1.1081010665434941e-06 1.6377024541188055e-07 1.9398575515937927e-06
4076.4166038833027 -1.168252178836251e-06 1.3161740258638363e-07 1.9124517308517885e-06
4086.2392944950698 -1.2450203471197893e-06 8.332114161343482e-08 1.8807333239566307e-06
4096.061985106837 -1.3094240133427613e-06 4.532717918657913e-08 1.8454994715152155e-06
4105.884675718604 -1.3485463186288972e-06 2.2783041726272482e-08 1.8047222590628418e-06
4115.707366330371 -1.376449272783844e-06 3.1880626508666523e-09 1.742859921760506e-06
4125.530056942138 -1.3960229730398432e-06 -2.2956351235733676e-08 1.6721629337917513e-06
4135.352747553905 -1.4099052312093733e-06 -4.825528968867572e-08 1.6113166526324393e-06
4145.175438165672 -1.4324271761582731e-06 -5.335672940846863e-08 1.570898499743177e-06
4154.998128777438 -1.466091796866938e-06 -3.827118032921984e-08 1.5550734611696263e-06
4164.820819389205 -1.506765454079116e-06 -2.8231252621097067e-08 1.552262923363816e-06
4174.643510000972 -1.539790632498795e-06 -2.8723962828747178e-08 1.5398350761104961e-06
4184.466200612739 -1.5670860655469941e-06 -3.918091424209761e-08 1.49927916049622e-06
4194.288891224506 -1.596045760840462e-06 -5.636704219623854e-08 1.4354060231062482e-06
4204.111581836273 -1.6191391904737556e-06 -6.625198726894926e-08 1.368046302929569e-06
4213.93427244804 -1.6322751896742038e-06 -7.306541937252478e-08 1.3043949004085721e-06
4223.756963059807 -1.6503009930672282e-06 -7.509118193781214e-08 1.2562700976824303e-06
4233.579653671574 -1.6762956755485648e-06 -6.985396347326433e-08 1.2256150471157816e-06
4243.402344283341 -1.7235457410959133e-06 -5.8396369671486895e-08 1.209667361480838e-06
4253.225034895108 -1.788416908713568e-06 -3.721674767591543e-08 1.2145714878293842e-06
4263.047725506875 -1.8517045537634089e-06 -2.9205211659505615e-09 1.2397555518240883e-06
4272.870416118642 -1.8950793015746615e-06 4.011784902851509e-08 1.2751421266059293e-06
4282.693106730409 -1.9064215685683445e-06 8.255413548287493e-08 1.3193040867282465e-06
4292.5157973421765 -1.8962447921264533e-06 1.1483522610088116e-07 1.3755867571064442e-06
4302.3384879539435 -1.8836606815057353e-06 1.3173776289243303e-07 1.4359469094488587e-06
4312.1611785657105 -1.8674964613459038e-06 1.5706719044471582e-07 1.488929133956221e-06
4321.983869177478 -1.8291667202987915e-06 2.1843450839975376e-07 1.5363159772340276e-06
4331.806559789245 -1.7643313403424564e-06 3.10995982430918e-07 1.5858334649940569e-06
4341.629250401012 -1.6914817232743293e-06 3.914195632587983e-07 1.630410600413845e-06
4351.451941012779 -1.6253042350871914e-06 4.4972869876061063e-07 1.6600449525444472e-06
4361.274631624546 -1.5655525973320172e-06 4.898633595717877e-07 1.669924310650616e-06
4371.097322236313 -1.5078820801057849e-06 5.102379441997655e-07 1.6503685298500124e-06
4380.92001284808 -1.4553540920826844e-06 5.247610996838686e-07 1.5976826161144422e-06
4390.742703459847 -1.4371126118118248e-06 5.559372753209702e-07 1.5331452226965253e-06
4400.565394071613 -1.4470463309057588e-06 6.047805760536487e-07 1.4830421225457744e-06
4410.38808468338 -1.4498528832754513e-06 6.412307583836611e-07 1.4616523307275132e-06
4420.210775295147 -1.4208145177902056e-06 6.561115277920614e-07 1.4617159642870038e-06
4430.033465906914 -1.3614477786840258e-06 6.5854217333476e-07 1.4730981470222082e-06
4439.856156518681 -1.2858798070399344e-06 6.434122719135885e-07 1.4907770812954465e-06
4449.678847130448 -1.1996393478554883e-06 6.212035228075241e-07 1.5005523662808974e-06
4459.501537742215 -1.1252541537192647e-06 6.039194012435257e-07 1.4918089989193927e-06
4469.324228353982 -1.0676353860076455e-06 5.873681896586401e-07 1.4682846860366063e-06
4479.146918965749 -1.0171793804829053e-06 5.709006611935905e-07 1.4462962111745216e-06
4488.969609577516 -9.738019631028727e-07 5.620872630103614e-07 1.4298446994648662e-06
4498.792300189283 -9.331154880495899e-07 5.551409609864936e-07 1.4042067256438562e-06
4508.61499080105 -8.917103959838145e-07 5.399981887350359e-07 1.3713808113987667e-06
4518.437681412817 -8.523632951827721e-07 5.148317902045483e-07 1.3374771972710265e-06
4528.260372024584 -8.202962516366693e-07 4.823731461866911e-07 1.2923754970132333e-06
4538.083062636351 -7.783974054465608e-07 4.3544063925518157e-07 1.2336428636819669e-06
4547.905753248118 -7.305632431965356e-07 3.833917739367757e-07 1.1646996155826151e-06
4557.728443859885 -6.920074020858292e-07 3.5625847704487345e-07 1.0798315052228136e-06
4567.551134471652 -6.641518021218784e-07 3.431576574775754e-07 9.87497395110564e-07
4577.373825083419 -6.527321681679579e-07 3.1749248185587223e-07 8.874728257241059e-07
4587.1965156951865 -6.626212209585024e-07 2.73297426608116e-07 7.774441869014432e-07
4597.0192063069535 -6.94535753857371e-07 2.22259133900404e-07 6.736892603189328e-07
4606.8418969187205 -7.312870816290023e-07 1.7526642459297598e-07 5.95249025018671e-07
4616.664587530488 -7.497900794270565e-07 1.3809270105890682e-07 5.36392768113667e-07
4626.487278142255 -7.480233015262964e-07 1.067930472487818e-07 4.977721868656297e-07
4636.309968754022 -7.35910738088429e-07 6.379100577133976e-08 4.910416108039583e-07
4646.132659365789 -7.209035349723386e-07 6.8982009622458294e-09 5.12454910150413e-07
4655.955349977555 -7.143131519030974e-07 -6.066698486699015e-08 5.52143116886984e-07
4665.778040589322 -7.165275568117444e-07 -1.299026181039589e-07 6.082709621256158e-07
4675.600731201089 -7.116366867251443e-07 -1.8721388591452906e-07 6.745445887881566e-07
4685.423421812856 -6.95916024577109e-07 -2.373214660226783e-07 7.446572051578616e-07
4695.246112424623 -6.691924585580871e-07 -2.736252621302834e-07 8.151797441206484e-07
4705.06880303639 -6.324716421820035e-07 -3.0835045235328577e-07 8.905569999376912e-07
4714.891493648157 -5.993131982771372e-07 -3.553452935026552e-07 9.647163040774939e-07
4724.714184259924 -5.795063426181311e-07 -4.0675387259304443e-07 1.0259267634958956e-06
4734.536874871691 -5.655889098150191e-07 -4.599508531999013e-07 1.0755672625267744e-06
4744.359565483458 -5.426714826701756e-07 -5.16680708959926e-07 1.1257251776044938e-06
4754.182256095225 -5.132874487816755e-07 -5.806308714007525e-07 1.1837263518452518e-06
4764.004946706992 -4.897492025295271e-07 -6.504279936603832e-07 1.2395878932052983e-06
4773.827637318759 -4.619494935484739e-07 -7.259424815724513e-07 1.2818213416884529e-06
4783.650327930526 -4.248007719565586e-07 -8.184134596454334e-07 1.3113014294273328e-06
4793.473018542293 -4.019421610972631e-07 -9.214216185606344e-07 1.33298854632572e-06
4803.29570915406 -3.968220992908074e-07 -1.020701535798736e-06 1.35758193487868e-06
4813.118399765827 -3.7504227705621213e-07 -1.1163694663610664e-06 1.3796390131754075e-06
4822.941090377594 -3.2516935335353464e-07 -1.2091849367737955e-06 1.3971900473918704e-06
4832.763780989361 -2.570492037546644e-07 -1.2982463381062354e-06 1.4220114350949342e-06
4842.586471601128 -1.8843749064003547e-07 -1.3683866845531088e-06 1.4631613562631024e-06
4852.409162212895 -1.2785105671285664e-07 -1.4128515656435017e-06 1.5100019897172417e-06
4862.231852824662 -7.878760979681984e-08 -1.4463256869642746e-06 1.5333902158210576e-06
4872.054543436429 -4.5914943461435634e-08 -1.485491106132204e-06 1.5362764043619308e-06
4881.877234048196 -2.410430181961169e-08 -1.5185375231282203e-06 1.5238439181056765e-06
4891.6999246599635 -1.1351503454931955e-08 -1.5399784551426268e-06 1.4797000895248843e-06
4901.5226152717305 -9.538377123419187e-09 -1.5646102494755629e-06 1.4072413401661977e-06
4911.345305883497 -9.031658770734717e-10 -1.6076680191823734e-06 1.3311506305505673e-06
4921.167996495264 2.546290415976825e-08 -1.653703967748005e-06 1.2668279627399016e-06
4930.990687107031 6.161224087215214e-08 -1.6833356212886188e-06 1.2087626122595363e-06
4940.813377718798 1.0450751619054532e-07 -1.7073130507063266e-06 1.153570132810343e-06
4950.636068330565 1.5530430901163575e-07 -1.7241045775928732e-06 1.1058937694476057e-06
4960.458758942332 2.2136271648085152e-07 -1.724991752188232e-06 1.0674297571871756e-06
4970.281449554099 3.0400327956379117e-07 -1.7102699619880302e-06 1.0250502048571486e-06
4980.104140165866 3.903316398928064e-07 -1.6877657249466073e-06 9.731940348146975e-07
4989.926830777633 4.6993544571889076e-07 -1.6683799812770343e-06 9.10069240671266e-07
4999.7495213894 5.340521492963857e-07 -1.6475917038392688e-06 8.285349395164864e-07
5009.572212001167 5.612826675789022e-07 -1.628730520225262e-06 7.450290732977181e-07
5019.394902612934 5.514008317373911e-07 -1.6297586814050761e-06 6.817010951201641e-07
5029.217593224701 5.420798008626215e-07 -1.645034872316028e-06 6.282728998220564e-07
5039.040283836468 5.476184878732541e-07 -1.6567953338267555e-06 5.634593688738682e-07
5048.862974448235 5.590997664057952e-07 -1.658326260933814e-06 4.814204304978444e-07
5058.685665060002 5.737798544421272e-07 -1.6445653786839275e-06 3.851928631236224e-07
5068.508355671769 5.898890390639643e-07 -1.6131151296787463e-06 2.882971623024647e-07
5078.331046283536 6.03628632683658e-07 -1.5597361574528118e-06 2.104844572640012e-07
5088.153736895303 6.304042480357452e-07 -1.4968460894245026e-06 1.3668610071100917e-07
5097.97642750707 6.742972256231398e-07 -1.4247695929707753e-06 4.749592284025566e-08
5107.799118118837 7.059755662849795e-07 -1.3545865617606699e-06 -5.0096749991851584e-08
5117.621808730604 7.173788684447305e-07 -1.3058239946265815e-06 -1.4212348832308968e-07
5127.444499342371 7.199024737207964e-07 -1.2832701550826396e-06 -2.2422257066842166e-07
5137.267189954138 7.160109165459235e-07 -1.2717176872812644e-06 -2.9493016632878434e-07
5147.089880565905 7.164622785778959e-07 -1.2484105623714845e-06 -3.614304262055104e-07
5156.912571177671 7.242845554660842e-07 -1.2150942003143612e-06 -4.2364340707076566e-07
5166.7352617894385 7.215211392484143e-07 -1.190811578207711e-06 -4.777369266808169e-07
5176.5579524012055 7.082838504145849e-07 -1.1899298616726943e-06 -5.196501901134367e-07
5186.3806430129725 6.884467661098659e-07 -1.2071925973790727e-06 -5.514960992677809e-07
5196.20333362474 6.687876629346656e-07 -1.2212222727578662e-06 -5.748336238321687e-07
5206.026024236507 6.405762769143463e-07 -1.2176179845718313e-06 -5.963198734349762e-07
5215.848714848274 6.104482552582585e-07 -1.1971906141686068e-06 -6.372156580399198e-07
5225.671405460041 5.932063040744525e-07 -1.1869113722303512e-06 -6.918013831304892e-07
5235.494096071808 5.940601992049359e-07 -1.2057299651385345e-06 -7.312412481139171e-07
5245.316786683575 5.999033139210002e-07 -1.2408088413665934e-06 -7.528079382527647e-07
5255.139477295342 5.948791536430847e-07 -1.2512744337321767e-06 -7.851929609352443e-07
5264.962167907109 5.775251848313077e-07 -1.225911482770934e-06 -8.327540850471853e-07
5274.784858518876 5.590160810045386e-07 -1.1782749325193376e-06 -8.815882023981797e-07
5284.607549130643 5.426201075142161e-07 -1.1246529371170907e-06 -9.227023209844457e-07
5294.43023974241 5.293827796224702e-07 -1.0711486767716641e-06 -9.59088377400533e-07
5304.252930354177 5.146078472615268e-07 -1.0146994146922046e-06 -9.915070239587334e-07
5314.075620965944 4.896967817089914e-07 -9.488364960171426e-07 -1.0112711841775926e-06
5323.898311577711 4.651431512716824e-07 -8.736231619396744e-07 -1.024574174639375e-06
5333.721002189478 4.420927637488775e-07 -7.861105259735769e-07 -1.0272757334567581e-06
5343.543692801245 4.122643001069863e-07 -6.893376221759448e-07 -1.0196634180943152e-06
5353.366383413012 3.6504152910073957e-07 -5.873054652233837e-07 -1.0015348045543878e-06
5363.189074024779 3.031929821074192e-07 -4.851970175553125e-07 -9.76793844246802e-07
5373.011764636546 2.3631916150160782e-07 -3.96305063852394e-07 -9.536814852319125e-07
5382.834455248313 1.8822250291243728e-07 -3.132879832306674e-07 -9.384930425502316e-07
5392.65714586008 1.6691908818167267e-07 -2.1865069464509695e-07 -9.25635401481832e-07
5402.479836471847 1.5855418293070024e-07 -1.312166135452337e-07 -9.046686190408566e-07
5412.302527083613 1.396577728535648e-07 -8.174710862689816e-08 -8.858749680472512e-07
5422.12521769538 1.0511148586555886e-07 -6.533782481591347e-08 -8.816116131148456e-07
5431.947908307147 5.4293901547438374e-08 -5.296333081866688e-08 -8.863953115167452e-07
5441.770598918914 -1.345974706711339e-08 -3.634973791534283e-08 -8.928511956934798e-07
5451.593289530681 -8.442079123828446e-08 -2.2712201374985645e-08 -8.950180304729985e-07
5461.4159801424485 -1.447126863177157e-07 -7.059152797787787e-09 -8.761942885027384e-07
5471.2386707542155 -2.048924415113995e-07 1.1121089031567913e-08 -8.456565116984666e-07
5481.0613613659825 -2.6831073679451417e-07 2.4458534671065728e-08 -8.074254614455485e-07
5490.88405197775 -3.2620947388518294e-07 4.402329807844794e-08 -7.609993957044715e-07
5500.706742589517 -3.699479706881568e-07 8.504836000930228e-08 -7.132411045543454e-07
5510.529433201284 -3.994550918020463e-07 1.4368051695361367e-07 -6.629534227650611e-07
5520.352123813051 -4.112453928864103e-07 1.9067001149935664e-07 -6.161348755094742e-07
5530.174814424818 -4.09341804061175e-07 2.2329897405158463e-07 -5.710003552999975e-07
5539.997505036585 -3.9862054250534156e-07 2.751246280512074e-07 -5.281945062632859e-07
5549.820195648352 -3.82638488175566e-07 3.535086839625367e-07 -4.975417246140062e-07
5559.642886260119 -3.6494124677504897e-07 4.3799720504898106e-07 -4.7555313185142505e-07
5569.465576871886 -3.30804853366529e-07 5.105906222308762e-07 -4.688490291631974e-07
5579.288267483653 -2.7823439494177774e-07 5.587589659522693e-07 -4.6953451787914394e-07
5589.11095809542 -2.1368538662439102e-07 5.989243817057663e-07 -4.555172383174918e-07
5598.933648707187 -1.4494805897768847e-07 6.376602180774308e-07 -4.111997206614818e-07
5608.756339318954 -9.568791553646165e-08 6.693710632286054e-07 -3.4913434193217985e-07
5618.579029930721 -7.859175608952812e-08 6.978567425473904e-07 -2.980388370811783e-07
5628.401720542488 -8.387633525006702e-08 7.309432761998427e-07 -2.7362089274153594e-07
5638.224411154255 -1.0751334187735107e-07 7.642280179804217e-07 -2.69390649551634e-07
5648.047101766022 -1.429598756239432e-07 7.925694377565747e-07 -2.6074466563757427e-07
5657.869792377789 -1.8066867549257526e-07 8.158808920658159e-07 -2.3193912534471626e-07
5667.692482989555 -2.0494360466517662e-07 8.305506788376251e-07 -1.9367916852417495e-07
5677.515173601322 -2.2623458980151163e-07 8.324491842694417e-07 -1.6396436456940532e-07
5687.337864213089 -2.5874244446640204e-07 8.23308363841507e-07 -1.3970943045195536e-07
5697.160554824856 -3.033941650556081e-07 8.295309950865065e-07 -1.1964426351965557e-07
5706.983245436623 -3.468793469676615e-07 8.630534770097964e-07 -1.0171508619402932e-07
5716.80593604839 -3.7184961109923944e-07 9.178204757781298e-07 -7.665938419472864e-08
5726.628626660157 -3.8370028656642756e-07 9.818860734680252e-07 -5.2035115625129144e-08
5736.451317271924 -4.01912131884924e-07 1.0428524798898808e-06 -4.49102188766312e-08
5746.274007883691 -4.3400523391964143e-07 1.0890015994107829e-06 -4.9569091055371614e-08
5756.096698495458 -4.857461592633598e-07 1.1118202892570956e-06 -6.335012115113803e-08
5765.9193891072255 -5.42046322503672e-07 1.1170692000327655e-06 -9.280773793343857e-08
5775.7420797189925 -5.780643656616075e-07 1.1171611221262705e-06 -1.3336724152938128e-07
5785.5647703307595 -5.87885212732022e-07 1.1275119831785708e-06 -1.6586789070673632e-07
5795.387460942527 -5.802187218752986e-07 1.1551518358297328e-06 -1.8049306805735594e-07
5805.210151554294 -5.623753364724745e-07 1.1861549159218192e-06 -1.8217505620638754e-07
5815.032842166061 -5.280836202533353e-07 1.195052430364585e-06 -1.7649256735293304e-07
5824.855532777828 -4.807352731158935e-07 1.1806396664409222e-06 -1.5892506801765946e-07
5834.678223389595 -4.3999879579224817e-07 1.1699462748943365e-06 -1.4490817852213263e-07
5844.500914001362 -4.173779460840968e-07 1.1776982138387894e-06 -1.3835649715030912e-07
5854.323604613129 -4.1741309546603195e-07 1.1999684111385661e-06 -1.2786290404808932e-07
5864.146295224896 -4.3339961199256085e-07 1.2112070352208676e-06 -1.1231982627345689e-07
5873.968985836663 -4.362323039380406e-07 1.1963367095201233e-06 -9.770211796238388e-08
5883.79167644843 -4.0427498810855997e-07 1.174093123445462e-06 -9.779388179020544e-08
5893.614367060197 -3.4550528550627453e-07 1.158299667709045e-06 -1.1463452970928265e-07
5903.437057671964 -2.862540490661775e-07 1.1347291164481555e-06 -1.3364679177673405e-07
5913.25974828373 -2.389600442377869e-07 1.1081138118528538e-06 -1.4702867927341396e-07
5923.082438895497 -2.0171561259092563e-07 1.0943896640017142e-06 -1.437194165620288e-07
5932.905129507264 -1.694623159578654e-07 1.0825860003784626e-06 -1.2356472026746283e-07
5942.727820119031 -1.334067847976546e-07 1.0484481168929062e-06 -9.584153551320609e-08
5952.550510730798 -9.319873829142156e-08 9.83614225065494e-07 -6.558141427910567e-08
5962.373201342565 -5.8241933932497296e-08 9.068899047483704e-07 -4.640135924146782e-08
5972.195891954332 -3.604027995979709e-08 8.299634529927071e-07 -5.095895269099502e-08
5982.018582566099 -1.690400281990384e-08 7.5171461837815e-07 -7.719825136841554e-08
5991.841273177866 2.1232564165961107e-08 6.616769912451058e-07 -1.1475251609240384e-07
6001.663963789633 8.393084327386822e-08 5.697081857685371e-07 -1.4778836421039051e-07
6011.4866544014 1.666488290971114e-07 5.016663827532242e-07 -1.638423660802996e-07
6021.309345013167 2.5550028067328107e-07 4.669867291900797e-07 -1.660677749486463e-07
6031.132035624934 3.366731510503732e-07 4.518697137372564e-07 -1.706476284277064e-07
6040.954726236701 4.090813278386715e-07 4.265033609040504e-07 -1.8211604314267061e-07
6050.777416848468 4.7577702910596934e-07 3.8413226801703575e-07 -1.9616884660965198e-07
6060.600107460235 5.267903480264509e-07 3.4014563302919953e-07 -1.9843731707168213e-07
6070.4227980720025 5.508158044416825e-07 3.2141752680933527e-07 -1.7760287515645998e-07
6080.2454886837695 5.529566814016212e-07 3.426789637589596e-07 -1.4293714743296048e-07
6090.0681792955365 5.46175112177941e-07 3.787985613258136e-07 -1.0282244542477526e-07
6099.890869907304 5.50497222629889e-07 4.055490467032528e-07 -6.879384611994763e-08
6109.713560519071 5.690946925106077e-07 4.1239319003740284e-07 -5.261605279312531e-08
6119.536251130838 6.005815266719537e-07 4.0485153425844133e-07 -5.046670949153636e-08
6129.358941742605 6.454777934116149e-07 4.02163588912874e-07 -5.3458093493486386e-08
6139.181632354372 6.974268706995728e-07 4.2041388741598535e-07 -5.2778130901381896e-08
6149.004322966139 7.492044450368448e-07 4.6382536659264234e-07 -4.6487048442332205e-08
6158.827013577906 7.975395942541822e-07 5.202863813466112e-07 -3.365705254597757e-08
6168.649704189672 8.352950032110279e-07 5.670862852330527e-07 -1.3190896433970902e-08
6178.472394801439 8.585514352346862e-07 5.973087148444762e-07 2.0102701951939743e-08
6188.295085413206 8.542503057265628e-07 6.25967492849389e-07 6.980887178516236e-08
6198.117776024973 8.197964069660591e-07 6.614448895439563e-07 1.2374402218437644e-07
6207.94046663674 7.755653328546256e-07 7.124756051162142e-07 1.62806890357557e-07
6217.763157248507 7.359457270692731e-07 7.902593055706404e-07 1.964421582504307e-07
6227.585847860274 6.918821992515758e-07 8.780066721111927e-07 2.3012678839703616e-07
6237.408538472041 6.502742738459759e-07 9.593114153672545e-07 2.6706003237107287e-07
6247.231229083808 6.145724770238003e-07 1.027037934487216e-06 3.1772699020557385e-07
6257.053919695575 5.719594604604278e-07 1.065159353237815e-06 3.8048307356046323e-07
6266.876610307342 5.141788673393523e-07 1.0814818952711899e-06 4.435981707908017e-07
6276.699300919109 4.6243018739591673e-07 1.0884064496967342e-06 5.065826936185237e-07
6286.521991530876 4.2174530421193647e-07 1.0827053547741362e-06 5.700917913994443e-07
6296.344682142643 3.8557042975341505e-07 1.0709245158327243e-06 6.30148522032311e-07
6306.16737275441 3.4419339475200246e-07 1.0745906604047372e-06 6.80684805442592e-07
6315.990063366177 2.9105361584491456e-07 1.111718255615585e-06 7.231074362270947e-07
6325.812753977944 2.1814805800525756e-07 1.1767190169769304e-06 7.675423879353841e-07
6335.635444589711 1.2321823243454114e-07 1.2545690906340979e-06 8.301597414801094e-07
6345.458135201478 2.5747405706214738e-08 1.3310033460311766e-06 9.145898055548795e-07
6355.280825813245 -6.181658214436304e-08 1.39984057998237e-06 1.005443134173767e-06
6365.1035164250125 -1.4506208420723777e-07 1.4474304525457592e-06 1.0793904832403298e-06
6374.9262070367795 -2.2184162627729027e-07 1.4852842137404273e-06 1.129125642217345e-06
6384.7488976485465 -2.854847173084719e-07 1.5292427247513787e-06 1.169895147454403e-06
6394.571588260314 -3.3740379966483855e-07 1.571780842113842e-06 1.1992126992433023e-06
6404.394278872081 -3.8511166697457985e-07 1.6150744067987382e-06 1.209170469916965e-06
6414.216969483847 -4.2123381919162093e-07 1.6680229529082774e-06 1.2025830701480947e-06
6424.039660095614 -4.499460175365819e-07 1.7257059586622174e-06 1.1821477886825807e-06
6433.862350707381 -4.955182760500492e-07 1.7821942552112558e-06 1.1583903836002871e-06
6443.685041319148 -5.610017827755077e-07 1.8349179076635619e-06 1.146898164453408e-06
6453.507731930915 -6.251545185026257e-07 1.873794892395019e-06 1.152867986834484e-06
6463.330422542682 -6.851190196578519e-07 1.8945467334520118e-06 1.166739263407376e-06
6473.153113154449 -7.510844310565254e-07 1.911526840793698e-06 1.1748377239611004e-06
6482.975803766216 -8.330539805730925e-07 1.925808126716823e-06 1.171244302717463e-06
6492.798494377983 -9.09057278692898e-07 1.9301169085013527e-06 1.1513295010980253e-06
6502.62118498975 -9.691101584392958e-07 1.9190084729112435e-06 1.1268477492401277e-06
6512.443875601517 -1.0112471147751624e-06 1.8919985202199965e-06 1.1148456978242587e-06
6522.266566213284 -1.0373581695845122e-06 1.8702864747654376e-06 1.116613817672009e-06
6532.089256825051 -1.062668002324246e-06 1.8638163592118868e-06 1.1151427732592365e-06
6541.911947436818 -1.092637660619232e-06 1.8601308857738011e-06 1.1101500629060297e-06
6551.734638048585 -1.124493522731809e-06 1.8603568246945326e-06 1.1071012655352907e-06
6561.557328660352 -1.1640761011899868e-06 1.8748039506684811e-06 1.1077262317830792e-06
6571.380019272119 -1.2193619784383735e-06 1.9064897438812144e-06 1.1140432519547462e-06
6581.202709883886 -1.2877965132585847e-06 1.9466893619864247e-06 1.1382219545224527e-06
6591.025400495653 -1.3594688617496744e-06 1.983264001586785e-06 1.1771862070313508e-06
6600.84809110742 -1.4154133845293434e-06 2.01006685756404e-06 1.2214436869241946e-06
6610.670781719187 -1.4459582590494888e-06 2.0269655033729445e-06 1.2649409088077763e-06
6620.493472330954 -1.4627528515108733e-06 2.0373716132116447e-06 1.3055508834660365e-06
6630.316162942721 -1.4607468487604426e-06 2.0469530982195827e-06 1.3375417767385003e-06
6640.138853554488 -1.4295043007423458e-06 2.0623549759842025e-06 1.354623361545776e-06
6649.961544166255 -1.3747383801504538e-06 2.083955231311117e-06 1.3676951255998982e-06
6659.784234778022 -1.3060935475871527e-06 2.0894665629831326e-06 1.3873501467688688e-06
6669.606925389789 -1.2358744688277573e-06 2.0610640562765017e-06 1.4180301253951978e-06
6679.429616001556 -1.1652704690562921e-06 2.004175412039215e-06 1.4644057163619246e-06
6689.252306613323 -1.1017398499268755e-06 1.945943935348058e-06 1.522526025215404e-06
6699.07499722509 -1.0456005443884875e-06 1.9150728839148224e-06 1.5909938295518414e-06
6708.897687836857 -9.845890730327723e-07 1.8969605684993557e-06 1.6549654109785909e-06
6718.720378448624 -9.208386446956688e-07 1.8483847053972757e-06 1.7085245213100502e-06
6728.543069060391 -8.732289457520742e-07 1.7654972465096547e-06 1.7484254195239679e-06
6738.365759672158 -8.496553294221441e-07 1.6903250518697259e-06 1.7713986423739384e-06
6748.188450283925 -8.33158584974286e-07 1.6504535625653657e-06 1.7918881934601028e-06
6758.011140895692 -8.21223927366507e-07 1.645333458836566e-06 1.8097678440898315e-06
6767.833831507459 -8.199069262171154e-07 1.6612922215624902e-06 1.8226176977269574e-06
6777.656522119226 -8.279166222379984e-07 1.6709844818306775e-06 1.8377407967389716e-06
6787.479212730993 -8.474399243882668e-07 1.6415876022936308e-06 1.8556243002278393e-06
6797.30190334276 -8.669224940415606e-07 1.5657307182313884e-06 1.867031930364362e-06
6807.124593954527 -8.708153341824617e-07 1.4747307008591646e-06 1.8886754042145439e-06
6816.947284566294 -8.64903469439415e-07 1.3963640388350246e-06 1.941084015406886e-06
6826.769975178061 -8.458259068548516e-07 1.3330245023891097e-06 2.0162481504015777e-06
6836.592665789828 -7.999659185023523e-07 1.2874403081102626e-06 2.1009704971364522e-06
6846.415356401595 -7.398596535524782e-07 1.2538560812265523e-06 2.177251619438821e-06
6856.238047013362 -6.823832072926642e-07 1.2272277003486663e-06 2.2256041533786805e-06
6866.060737625129 -6.38739988876108e-07 1.214855142615883e-06 2.2509430395713613e-06
6875.883428236896 -6.140998452570219e-07 1.2179280396960173e-06 2.280865359105236e-06
6885.706118848663 -6.099941841588495e-07 1.2199569045034236e-06 2.321184883761108e-06
6895.52880946043 -6.366918743683262e-07 1.2101785769525727e-06 2.3649319961103583e-06
6905.351500072197 -6.913987875976589e-07 1.2013837376112044e-06 2.411276232832168e-06
6915.174190683963 -7.586407213421873e-07 1.1998862834644602e-06 2.4543428899884586e-06
6924.99688129573 -8.273109365780459e-07 1.1972986340337037e-06 2.489915502579191e-06
6934.819571907497 -8.955100343536367e-07 1.180553591161008e-06 2.5180718759731064e-06
6944.6422625192645 -9.565333208438788e-07 1.1403611993298603e-06 2.539377904275145e-06
6954.4649531310315 -1.0028495132115455e-06 1.0884723108633618e-06 2.5496133634850123e-06
6964.2876437427985 -1.04908504733702e-06 1.0372466350556751e-06 2.5493549942802304e-06
6974.110334354566 -1.1218772571764386e-06 9.78139832286764e-07 2.5390958005313048e-06
6983.933024966333 -1.2399757248835562e-06 9.067634143402728e-07 2.5234903781749632e-06
6993.7557155781 -1.3943238036624653e-06 8.279567973731575e-07 2.4975215634990856e-06
7003.578406189867 -1.5464902728718756e-06 7.463806720041245e-07 2.456343855419187e-06
7013.401096801634 -1.6804888176640944e-06 6.63460151201512e-07 2.401991235852146e-06
7023.223787413401 -1.8000065324290293e-06 5.954588880669698e-07 2.3523979700493064e-06
7033.046478025168 -1.9053587874560977e-06 5.402282147195756e-07 2.32619990475924e-06
7042.869168636935 -1.9922684702558346e-06 5.020527834278916e-07 2.316306945977382e-06
7052.691859248702 -2.05090213036366e-06 4.82529354523667e-07 2.3061671025577152e-06
7062.514549860469 -2.0834111224127013e-06 4.797495678152419e-07 2.2801852486970247e-06
7072.337240472236 -2.097241600817157e-06 4.830827229160156e-07 2.2541582176142445e-06
7082.159931084003 -2.098530223897228e-06 4.879397306210928e-07 2.2325182869564254e-06
7091.98262169577 -2.0970997320144035e-06 4.975936693339853e-07 2.2100492188207987e-06
7101.805312307537 -2.104732986843497e-06 5.161785173003579e-07 2.1896401431683594e-06
7111.628002919304 -2.128970118247856e-06 5.294807401952594e-07 2.183099176827257e-06
7121.450693531071 -2.1655278787576273e-06 5.260616576836935e-07 2.179323955355421e-06
7131.273384142838 -2.1994971121091444e-06 5.076355942972611e-07 2.165199409334445e-06
7141.096074754605 -2.2197378291518637e-06 4.825434682773004e-07 2.1445498575081087e-06
7150.918765366372 -2.239232335839777e-06 4.5497770444331825e-07 2.1144458127985143e-06
7160.741455978139 -2.260781839010159e-06 4.481295122453626e-07 2.076971960203705e-06
7170.564146589905 -2.2686652480874398e-06 4.715142858372055e-07 2.047709589051866e-06
7180.386837201672 -2.258703197805087e-06 5.102450496247081e-07 2.036881041189594e-06
7190.209527813439 -2.234438830272519e-06 5.431171254603571e-07 2.03339495488394e-06
7200.032218425206 -2.2093439962512127e-06 5.53173507159064e-07 2.030323701519306e-06
7209.854909036973 -2.1952461175037776e-06 5.37369260994519e-07 2.032048294011718e-06
7219.67759964874 -2.1878842282220143e-06 4.944269428614503e-07 2.051320491207097e-06
7229.500290260507 -2.179466906053522e-06 4.4177361203388824e-07 2.0774878934629035e-06
7239.3229808722745 -2.1648040203069255e-06 3.9403509743185303e-07 2.091361482590477e-06
7249.1456714840415 -2.156953825253043e-06 3.6393158601036063e-07 2.061796285919179e-06
7258.9683620958085 -2.1599232382419893e-06 3.5913394173476044e-07 1.981845797504381e-06
7268.791052707576 -2.161892526532296e-06 3.6374334301204275e-07 1.891572208444204e-06
7278.613743319343 -2.16448908151717e-06 3.6538120988593743e-07 1.8199685885796076e-06
7288.43643393111 -2.176061309785172e-06 3.585930074075483e-07 1.7691054988229382e-06
7298.259124542877 -2.185124996791196e-06 3.4326843961821396e-07 1.7333758210831956e-06
7308.081815154644 -2.174516880813678e-06 3.185282240657967e-07 1.7070912380436664e-06
7317.904505766411 -2.1372066303604987e-06 2.754168804094277e-07 1.6656087410513751e-06
7327.727196378178 -2.0798339442521243e-06 2.1731288380403664e-07 1.5967395902188063e-06
7337.549886989945 -2.0100565133492534e-06 1.4760350734482946e-07 1.5167141577239055e-06
7347.372577601712 -1.935688611690268e-06 8.455540094478009e-08 1.4314168041992754e-06
7357.195268213479 -1.8673531346783937e-06 4.147172471062111e-08 1.320065431054663e-06
7367.017958825246 -1.8094291098480437e-06 2.253014843743543e-08 1.1973177752304975e-06
7376.840649437013 -1.7620412072557458e-06 1.7821948068740197e-08 1.0852229491075968e-06
7386.66334004878 -1.7178292271069283e-06 -5.829640380451728e-09 9.935354008737115e-07
7396.486030660547 -1.6884591615066195e-06 -7.091225923628633e-08 9.184455446048481e-07
7406.308721272314 -1.6776091519330192e-06 -1.560880041655887e-07 8.434518811534174e-07
7416.131411884081 -1.6846197229980232e-06 -2.471265780798401e-07 7.6263500846048e-07
7425.954102495847 -1.700679021501432e-06 -3.350718889465997e-07 6.819238682582569e-07
7435.776793107614 -1.711146485616184e-06 -4.0516413524168426e-07 5.996894512663982e-07
7445.599483719381 -1.7298685559495482e-06 -4.6443368987443385e-07 5.314952850124422e-07
7455.422174331148 -1.7516662525601044e-06 -5.19370054819499e-07 4.722070286653909e-07
7465.244864942915 -1.7634165091877425e-06 -5.717925460695939e-07 4.032155533756702e-07
7475.067555554682 -1.7650293010191577e-06 -6.110457227266629e-07 3.26494890283328e-07
7484.890246166449 -1.7606882569039344e-06 -6.377750323351365e-07 2.4288604193635984e-07
7494.712936778216 -1.7447977959878273e-06 -6.624338046495882e-07 1.5701579240005524e-07
7504.535627389983 -1.7343597318777358e-06 -6.839150395616461e-07 6.66064366946808e-08
7514.35831800175 -1.7507488491071815e-06 -7.080501194953948e-07 -2.151802076195735e-08
7524.181008613517 -1.7933985309754817e-06 -7.289973763797596e-07 -1.0852621711102367e-07
7534.003699225284 -1.8417015513437957e-06 -7.471688819532772e-07 -2.029451400842204e-07
7543.8263898370515 -1.884094116594877e-06 -7.566184046185425e-07 -3.0112836814886377e-07
7553.6490804488185 -1.939927060381288e-06 -7.541579975961646e-07 -4.0976321223008447e-07
7563.4717710605855 -2.0161450532696274e-06 -7.530444033506396e-07 -5.275578613345214e-07
7573.294461672353 -2.0966716150100554e-06 -7.641684194198186e-07 -6.352162606491451e-07
7583.11715228412 -2.1663852265806518e-06 -7.869937668542131e-07 -7.323279784902409e-07
7592.939842895887 -2.2299087514538497e-06 -8.35489865612184e-07 -8.254606560597454e-07
7602.762533507654 -2.289256660033584e-06 -9.131184638302342e-07 -9.059302699110734e-07
7612.585224119421 -2.3472438077698593e-06 -9.95139647027863e-07 -9.555681047550502e-07
7622.407914731188 -2.409945015022329e-06 -1.055190867157496e-06 -9.823400631844199e-07
7632.230605342955 -2.482126531223614e-06 -1.0875144337580554e-06 -1.0153276163827897e-06
7642.053295954722 -2.555082628992668e-06 -1.1127821124320032e-06 -1.067941708792138e-06
7651.875986566489 -2.6126229441795337e-06 -1.1429159896345162e-06 -1.118982447780245e-06
7661.698677178256 -2.651726870297692e-06 -1.1622011734845708e-06 -1.1559392082935617e-06
7671.521367790022 -2.6720236794644964e-06 -1.1660815736691434e-06 -1.1950497828531078e-06
7681.344058401789 -2.69065030420834e-06 -1.1614136304015899e-06 -1.2244301111992464e-06
7691.166749013556 -2.723830543099929e-06 -1.166304219801081e-06 -1.24646959499058e-06
7700.989439625323 -2.76887693389566e-06 -1.1944330126176489e-06 -1.2801207676527129e-06
7710.81213023709 -2.821295862260142e-06 -1.2412756888036644e-06 -1.3191791274402892e-06
7720.634820848857 -2.875744375918508e-06 -1.2880946597482774e-06 -1.3422823536590838e-06
7730.457511460624 -2.93483900145951e-06 -1.3217290043736448e-06 -1.3441873977060529e-06
7740.280202072391 -3.001191497604819e-06 -1.3571269306183327e-06 -1.332205357476024e-06
7750.102892684158 -3.0756392683140565e-06 -1.4016572434827576e-06 -1.32076171173422e-06
7759.925583295925 -3.160115953944224e-06 -1.4441096922178398e-06 -1.3113939146190453e-06
7769.748273907692 -3.2463787082813782e-06 -1.4873318325603883e-06 -1.3019168579310762e-06
7779.570964519459 -3.326517235523988e-06 -1.5469866258888644e-06 -1.2901493173080674e-06
7789.393655131226 -3.3927374263946265e-06 -1.6394158049392753e-06 -1.2529309979388378e-06
7799.216345742993 -3.4355970704378753e-06 -1.7561118345669873e-06 -1.1833245497270518e-06
7809.03903635476 -3.4509824700903655e-06 -1.8730866043806469e-06 -1.0870206245709034e-06
7818.861726966527 -3.442424827323805e-06 -1.9799785504161088e-06 -9.83110029795034e-07
7828.684417578294 -3.4168600222862885e-06 -2.08878464619162e-06 -8.888220412830418e-07
7838.507108190061 -3.377079834366031e-06 -2.2093579676589866e-06 -8.164384258511559e-07
7848.3297988018285 -3.321184520560806e-06 -2.348617183919189e-06 -7.667343644880083e-07
7858.1524894135955 -3.2540837024067938e-06 -2.4978197799690107e-06 -7.160636086060152e-07
7867.9751800253625 -3.1783223770265967e-06 -2.6245860972027493e-06 -6.60521761777705e-07
7877.79787063713 -3.1135031149614463e-06 -2.7165826477227256e-06 -6.051851987400512e-07
7887.620561248897 -3.0675375469748463e-06 -2.776278715227837e-06 -5.549810460207027e-07
7897.443251860664 -3.034256715910487e-06 -2.8158103665961692e-06 -5.046353981168759e-07
7907.265942472431 -2.9999031146559596e-06 -2.833007456872536e-06 -4.610134248733294e-07
7917.088633084198 -2.9415099727795713e-06 -2.8314565392525894e-06 -4.2184139198807525e-07
7926.911323695964 -2.867699130051506e-06 -2.8243581844541583e-06 -3.7168154714274893e-07
7936.734014307731 -2.775992861519433e-06 -2.8362419661432473e-06 -2.977622115005642e-07
7946.556704919498 -2.66103070903921e-06 -2.8780564077958374e-06 -2.1685049904220503e-07
7956.379395531265 -2.5399634646177033e-06 -2.922853073712965e-06 -1.295384193855374e-07
7966.202086143032 -2.4211282450418073e-06 -2.94188051755918e-06 -4.6866924999295253e-08
7976.024776754799 -2.313796103650299e-06 -2.935876800503574e-06 1.2647765400280489e-08
7985.847467366566 -2.2233698989843125e-06 -2.9181188207944683e-06 5.928639961258715e-08
7995.670157978333 -2.1410185839228632e-06 -2.89822800905386e-06 1.0072194044918212e-07
8005.4928485901 -2.054845710117495e-06 -2.86795005372462e-06 1.1930740664735431e-07
8015.315539201867 -1.961006636206063e-06 -2.8077731005667907e-06 1.1700644103032486e-07
8025.138229813634 -1.8632778556834123e-06 -2.7297633806920584e-06 1.0295017484190525e-07
8034.960920425401 -1.7811473258763147e-06 -2.661312353797352e-06 8.12288016796875e-08
8044.783611037168 -1.7145778405500119e-06 -2.610545785294423e-06 6.888619776609907e-08
8054.606301648935 -1.6548202888310938e-06 -2.5684231717790612e-06 7.76615107155137e-08
8064.428992260702 -1.5905504199137214e-06 -2.51761410713065e-06 9.78328957312758e-08
8074.251682872469 -1.5172748761531876e-06 -2.4537378954097084e-06 1.0253071288406162e-07
8084.074373484236 -1.449712636552927e-06 -2.387421198292234e-06 8.429284184603487e-08
8093.897064096003 -1.3849528167073932e-06 -2.326632390150871e-06 6.341406854433072e-08
8103.71975470777 -1.3220544470567214e-06 -2.283856745128797e-06 5.64503048818651e-08
8113.542445319537 -1.2777507861520897e-06 -2.2549895068655443e-06 5.836393812083487e-08
8123.365135931304 -1.2584074547890686e-06 -2.2200395089696127e-06 6.156788386638986e-08
8133.187826543071 -1.2475970305493728e-06 -2.1690802929305985e-06 5.3865890687774996e-08
8143.010517154838 -1.220735445362107e-06 -2.1060060306918517e-06 2.6884011969858466e-08
8152.8332077666055 -1.168952255474416e-06 -2.0459090683101306e-06 -9.909006273893619e-09
8162.6558983783725 -1.1075581164205352e-06 -1.986810541715022e-06 -4.8135252920053694e-08
8172.4785889901395 -1.0493806092385e-06 -1.917310479554985e-06 -7.067581423920633e-08
8182.301279601906 -9.898628248219818e-07 -1.8410658440341155e-06 -6.54401658052482e-08
8192.123970213674 -9.226086616805187e-07 -1.7771887111732e-06 -3.9703778176995884e-08
8201.94666082544 -8.582994673532776e-07 -1.7337126817301491e-06 -2.6211240695625748e-09
8211.769351437208 -8.148986023438322e-07 -1.6939559570297059e-06 4.330646546441301e-08
8221.592042048975 -7.834575570680854e-07 -1.646807439822346e-06 8.396617436298407e-08
8231.414732660742 -7.54990161889956e-07 -1.5957180267309405e-06 8.8669187171058e-08
8241.237423272509 -7.35384473339146e-07 -1.5426299305080042e-06 5.797616131981759e-08
8251.060113884276 -7.174145775135627e-07 -1.4833284428811655e-06 2.2329424422566523e-08
8260.882804496043 -6.895956464570165e-07 -1.421206128820095e-06 -3.830822019944236e-09
8270.70549510781 -6.636307825008171e-07 -1.3785617936948258e-06 -3.025930423260839e-08
8280.528185719577 -6.512868549632904e-07 -1.3494534921110308e-06 -6.004941610743101e-08
8290.350876331344 -6.643072714931331e-07 -1.321836555071273e-06 -9.401630005038937e-08
8300.17356694311 -6.94465072174877e-07 -1.2991101146824911e-06 -1.342845797267435e-07
8309.996257554876 -7.24555552245185e-07 -1.2826981940576264e-06 -1.7659288811398992e-07
8319.818948166643 -7.379641266015331e-07 -1.2717245785126557e-06 -2.2664108088521894e-07
8329.64163877841 -7.456462802622129e-07 -1.281737308295054e-06 -2.869776850169894e-07
8339.464329390177 -7.698478878553843e-07 -1.3160006399192229e-06 -3.535383251687356e-07
8349.287020001944 -8.019715915631951e-07 -1.3562191763059927e-06 -4.1493572378960213e-07
8359.109710613711 -8.293102394489265e-07 -1.3842425468822358e-06 -4.6116469948671305e-07
8368.932401225478 -8.531399447505182e-07 -1.3987621439917704e-06 -4.924192092136844e-07
8378.755091837245 -8.874845593911614e-07 -1.4041482451177344e-06 -5.200023190811322e-07
8388.577782449012 -9.352296015655763e-07 -1.3976163499475538e-06 -5.499490918740911e-07
8398.40047306078 -9.870857518638179e-07 -1.3903473666164398e-06 -5.677763740004312e-07
8408.223163672546 -1.0523724987589418e-06 -1.3887101125898697e-06 -5.714551438276259e-07
8418.045854284313 -1.1205457652873134e-06 -1.3843312961281718e-06 -5.687816320037486e-07
8427.86854489608 -1.1916224468351534e-06 -1.3818893604100703e-06 -5.716191290098823e-07
8437.691235507848 -1.2597674097377837e-06 -1.3846202946058757e-06 -5.791138063842436e-07
8447.513926119615 -1.307669634133304e-06 -1.4037913979202628e-06 -5.837361450224695e-07
8457.336616731382 -1.330041869934531e-06 -1.44164477642921e-06 -5.822294008562245e-07
8467.159307343149 -1.3350813129656569e-06 -1.4842781313157158e-06 -5.845823072457422e-07
8476.981997954916 -1.3372226137636837e-06 -1.5222709870128663e-06 -5.971674436449595e-07
8486.804688566683 -1.320207607167934e-06 -1.5487841865030058e-06 -6.138343822902574e-07
8496.62737917845 -1.2843579752706258e-06 -1.560661588098444e-06 -6.152873762595197e-07
8506.450069790217 -1.23594908997859e-06 -1.5606378379901352e-06 -5.942756159062664e-07
8516.272760401984 -1.177250993464066e-06 -1.5515142022272902e-06 -5.66879738594976e-07
8526.09545101375 -1.093003090500399e-06 -1.5332250194093672e-06 -5.392018878309524e-07
8535.918141625518 -9.797681969501952e-07 -1.5064932629959234e-06 -5.126903297483017e-07
8545.740832237285 -8.657675637714583e-07 -1.474113822532109e-06 -5.011408019458093e-07
8555.563522849052 -7.827804075162905e-07 -1.441629716336329e-06 -5.076906701265097e-07
8565.386213460819 -7.400486621616517e-07 -1.4160736879151986e-06 -5.165850939051165e-07
8575.208904072586 -7.267692217816115e-07 -1.4047528599620101e-06 -5.203307770047521e-07
8585.031594684353 -7.302907889367377e-07 -1.405421556943969e-06 -5.179220432952752e-07
8594.85428529612 -7.389645708492037e-07 -1.4210591741022347e-06 -5.129295743948925e-07
8604.676975907887 -7.352322366745862e-07 -1.4525654650942193e-06 -4.952859771804382e-07
8614.499666519654 -7.100269848403285e-07 -1.4866991914369593e-06 -4.4910923717609425e-07
8624.322357131421 -6.583207692912572e-07 -1.5054628515610302e-06 -3.923394253846888e-07
8634.145047743188 -5.716665533564071e-07 -1.506214619287056e-06 -3.587786461036334e-07
8643.967738354955 -4.5670364880973333e-07 -1.4993338478661632e-06 -3.627639800715034e-07
8653.790428966722 -3.4371196141604587e-07 -1.4913340082436822e-06 -4.013757678790556e-07
8663.61311957849 -2.552683015963728e-07 -1.4935138761144925e-06 -4.5894148011267865e-07
8673.435810190256 -1.8855322945426988e-07 -1.510249477998167e-06 -5.152100725804533e-07
8683.258500802023 -1.3579289027470044e-07 -1.5251197070282814e-06 -5.51303557559724e-07
8693.08119141379 -9.500382960214166e-08 -1.5380894013058476e-06 -5.655220020790339e-07
8702.903882025557 -8.109790474323004e-08 -1.5416237944010855e-06 -5.727982977090773e-07
8712.726572637324 -9.036711317231188e-08 -1.5357145247568757e-06 -5.806758565397572e-07
8722.549263249091 -9.91612761484137e-08 -1.5231407430134343e-06 -5.948496019828528e-07
8732.371953860858 -9.49399391920693e-08 -1.4985476536202588e-06 -6.083016013120406e-07
8742.194644472625 -7.166098699558963e-08 -1.456255576695312e-06 -6.174064822484506e-07
8752.017335084392 -4.755344824378977e-08 -1.4044342621213163e-06 -6.158864616042301e-07
8761.84002569616 -3.935598265773108e-08 -1.3519448156640384e-06 -6.041241128636949e-07
8771.662716307927 -5.3218658754163896e-08 -1.3080731147769407e-06 -5.8032834885682e-07
8781.485406919694 -8.644653087165344e-08 -1.2853112439569349e-06 -5.568751458487676e-07
8791.30809753146 -1.1734707540699117e-07 -1.285140990339832e-06 -5.534412727154467e-07
8801.130788143226 -1.4314255287520276e-07 -1.2912967920555252e-06 -5.816662303240518e-07
8810.953478754993 -1.6457003259169418e-07 -1.3030847608555213e-06 -6.150873988886833e-07
8820.77616936676 -1.7930070021553055e-07 -1.3229659822446626e-06 -6.358904692775549e-07
8830.598859978527 -2.0393681926667928e-07 -1.3487618869744844e-06 -6.526176679105801e-07
8840.421550590294 -2.446847677858646e-07 -1.3631765037877315e-06 -6.77038530973158e-07
8850.244241202061 -2.82825163447902e-07 -1.3467510960447109e-06 -7.124985282039538e-07
8860.066931813828 -3.016323055663582e-07 -1.2942279685963352e-06 -7.612412097956373e-07
8869.889622425595 -3.068932953581584e-07 -1.2337805127203325e-06 -8.235837060240212e-07
8879.712313037362 -3.12915036377386e-07 -1.1884745341897696e-06 -8.900282757351273e-07
8889.535003649129 -3.209255470070721e-07 -1.1582845162622142e-06 -9.497126516489614e-07
8899.357694260896 -3.2367682194993555e-07 -1.1357607042907783e-06 -9.995650727139093e-07
8909.180384872663 -3.2250565930236283e-07 -1.1208460158047695e-06 -1.0421620798981767e-06
8919.00307548443 -3.132323896138353e-07 -1.1122033835955175e-06 -1.0894832605987131e-06
8928.825766096197 -3.064333364437178e-07 -1.1076946573785212e-06 -1.1319794447465165e-06
8938.648456707964 -3.136356719495199e-07 -1.0971410537400362e-06 -1.1535888331419611e-06
8948.471147319731 -3.362947139946096e-07 -1.0899563424063803e-06 -1.149402219102431e-06
8958.293837931498 -3.688988751375206e-07 -1.107815225354649e-06 -1.1348126927911963e-06
8968.116528543265 -4.104089026803799e-07 -1.1376244864717268e-06 -1.1227291512101548e-06
8977.939219155032 -4.532929843803899e-07 -1.1739879247084168e-06 -1.1015599815115985e-06
8987.7619097668 -4.907806692976806e-07 -1.2143361114696258e-06 -1.0627464990978584e-06
8997.584600378566 -5.312985950068961e-07 -1.2602459140776356e-06 -1.020609409117631e-06
9007.407290990333 -5.732203676925234e-07 -1.3030508804469594e-06 -9.92988960905955e-07
9017.2299816021 -6.032627682913941e-07 -1.3297245651899503e-06 -9.930084639749315e-07
9027.052672213867 -6.112148325415541e-07 -1.3488233324480409e-06 -1.0237438689298795e-06
9036.875362825635 -6.085851355963352e-07 -1.3622551153865121e-06 -1.0640737932013173e-06
9046.698053437402 -6.08097194821491e-07 -1.3773466992979407e-06 -1.0849506217585056e-06
9056.520744049169 -6.131723069633269e-07 -1.4045660612964254e-06 -1.0723007824398788e-06
9066.343434660936 -6.193922547761826e-07 -1.4353918307297448e-06 -1.04697871659377e-06
9076.166125272703 -6.298522220274337e-07 -1.4496761722484274e-06 -1.0313097450189967e-06
9085.98881588447 -6.428794580784357e-07 -1.4613468716038578e-06 -1.0335876940501115e-06
9095.811506496237 -6.55189594418996e-07 -1.4931603779027494e-06 -1.0511627728280857e-06
9105.634197108004 -6.54044376359176e-07 -1.5455281284717273e-06 -1.0667961229941325e-06
9115.45688771977 -6.306868899323173e-07 -1.6035693868442762e-06 -1.0764829480781527e-06
9125.279578331538 -6.075209120921075e-07 -1.657014990767064e-06 -1.096257945486069e-06
9135.102268943305 -5.984033753940918e-07 -1.7008169270114315e-06 -1.1119985082301486e-06
9144.924959555072 -5.917731092375266e-07 -1.7410516968611698e-06 -1.0981604635342374e-06
9154.747650166839 -5.765841297572308e-07 -1.7990556358475399e-06 -1.0703873526358194e-06
9164.570340778606 -5.55323723545668e-07 -1.8611340257780348e-06 -1.0408614784551672e-06
9174.393031390373 -5.374130764351112e-07 -1.917601357816405e-06 -1.0155060396489084e-06
9184.21572200214 -5.284309378095208e-07 -1.975150148477952e-06 -9.999896448235433e-07
9194.038412613907 -5.164851643532392e-07 -2.0308807019725477e-06 -9.84922790820333e-07
9203.861103225674 -5.056118593812772e-07 -2.0814957642925006e-06 -9.66185083108878e-07
9213.683793837441 -4.926772857121084e-07 -2.132027979091074e-06 -9.524986339407382e-07
9223.506484449208 -4.6863393944952216e-07 -2.184615538537426e-06 -9.376151757234149e-07
9233.329175060975 -4.5009716392417305e-07 -2.226997311935309e-06 -9.128448539508601e-07
9243.151865672742 -4.455139870666141e-07 -2.255328112399958e-06 -8.671502240656257e-07
9252.97455628451 -4.517962954803993e-07 -2.2800887251966028e-06 -8.031200814513404e-07
9262.797246896276 -4.5488590161818373e-07 -2.3074818222399173e-06 -7.469861568137105e-07
9272.619937508043 -4.324321226932044e-07 -2.3322216309118096e-06 -7.132642588394519e-07
9282.44262811981 -3.8480813349531376e-07 -2.3486914864340814e-06 -6.871462410582402e-07
9292.265318731577 -3.2917112565719696e-07 -2.345709343058847e-06 -6.501715714110994e-07
9302.088009343344 -2.62796744878443e-07 -2.3326341537781827e-06 -5.964120685029546e-07
9311.91069995511 -1.8337058611297777e-07 -2.318229221295852e-06 -5.204849683501632e-07
9321.733390566877 -1.1405330721597482e-07 -2.3063412149477647e-06 -4.20411873687411e-07
9331.556081178644 -6.743321341009081e-08 -2.3003959871303567e-06 -3.021949158677355e-07
9341.37877179041 -4.2070674275746066e-08 -2.29200493304503e-06 -1.9133281908514356e-07
9351.201462402178 -2.494146446056348e-08 -2.2648953175583755e-06 -1.0115653936695789e-07
9361.024153013945 -1.0002219746753097e-08 -2.2256295639534018e-06 -1.785841949103995e-08
9370.846843625712 1.3506947843221328e-08 -2.202071774792175e-06 5.379745495362319e-08
9380.669534237479 4.946443162577295e-08 -2.1932530703686373e-06 1.0413975343300313e-07
9390.492224849246 9.022918945693723e-08 -2.185662674275815e-06 1.3888987773453562e-07
9400.314915461013 1.2911679897335633e-07 -2.180528071452953e-06 1.757109807530972e-07
9410.13760607278 1.6443443763600353e-07 -2.1909835306432568e-06 2.1978442411584595e-07
9419.960296684547 1.9515905646343213e-07 -2.2120485002313284e-06 2.7113420704527336e-07
9429.782987296314 2.2418503677400824e-07 -2.2473508232103732e-06 3.371745207104226e-07
9439.60567790808 2.5433353828920537e-07 -2.2982608346507573e-06 4.195003273075769e-07
9449.428368519848 2.915219566608332e-07 -2.343236770387285e-06 5.107269196233847e-07
9459.251059131615 3.312210080444018e-07 -2.361619561734384e-06 6.075820177351004e-07
9469.073749743382 3.717284036041941e-07 -2.3638801933909485e-06 7.025260652000574e-07
9478.896440355149 4.0947227402148517e-07 -2.3615673323409897e-06 7.778603620913587e-07
9488.719130966916 4.3480296139696606e-07 -2.3497520767212614e-06 8.310736057204234e-07
9498.541821578683 4.4783132861725997e-07 -2.320231761216233e-06 8.735243170631799e-07
9508.36451219045 4.796739652595648e-07 -2.287442880625253e-06 9.148831992149429e-07
9518.187202802217 5.467118598164578e-07 -2.2667107941127793e-06 9.568756726763032e-07
9528.009893413984 6.331753171846686e-07 -2.2550035549723044e-06 9.969948552880325e-07
9537.832584025751 7.208245947950247e-07 -2.2457813592073033e-06 1.0347248330869668e-06
9547.655274637518 8.014277163783637e-07 -2.22975466772668e-06 1.0699187450704156e-06
9557.477965249285 8.750067881033965e-07 -2.193124554045237e-06 1.1009131465753975e-06
9567.300655861052 9.56758423161679e-07 -2.132750504613893e-06 1.1223160734732767e-06
9577.12334647282 1.0445585014729038e-06 -2.0686323746527684e-06 1.1260271911873636e-06
9586.946037084586 1.122109780751229e-06 -2.0224489725637767e-06 1.120469909664706e-06
9596.768727696353 1.1739531005555298e-06 -1.986095247001738e-06 1.1260490027712807e-06
9606.59141830812 1.2038959367686029e-06 -1.9365695433030866e-06 1.1499015249815937e-06
9616.414108919887 1.2210646397250606e-06 -1.8678269695457033e-06 1.1921964694630594e-06
9626.236799531654 1.2365359514889962e-06 -1.7836809986488195e-06 1.2445466748708932e-06
9636.059490143421 1.2493900127331968e-06 -1.7057234074655176e-06 1.3040745285969933e-06
9645.882180755189 1.2544397363472972e-06 -1.6436492995986027e-06 1.3708321328738828e-06
9655.704871366956 1.2701419813095216e-06 -1.585251339341406e-06 1.4329168568732683e-06
9665.527561978723 1.3086793772409918e-06 -1.5281851180450323e-06 1.4859458108068694e-06
9675.35025259049 1.3449478887669946e-06 -1.4768705780726407e-06 1.5272596134260338e-06
9685.172943202257 1.3621876557025821e-06 -1.4240302744439822e-06 1.5725017887848475e-06
9694.995633814024 1.3634950762080837e-06 -1.3664135698335329e-06 1.6356472259210748e-06
9704.81832442579 1.3475721412263347e-06 -1.3061751284674716e-06 1.6990382598306616e-06
9714.641015037558 1.3099988903385194e-06 -1.2482424320028085e-06 1.7567893936075028e-06
9724.463705649325 1.2626823014290735e-06 -1.2058192761193552e-06 1.8147773067102151e-06
9734.286396261092 1.225059682256784e-06 -1.1713382487926822e-06 1.869902007112172e-06
9744.109086872859 1.2022856446595692e-06 -1.1166291900251163e-06 1.9130619008624072e-06
9753.931777484626 1.1958025971684141e-06 -1.0390835088404664e-06 1.942213506124209e-06
9763.754468096393 1.1976898406217618e-06 -9.507931628440382e-07 1.9559602920141378e-06
9773.57715870816 1.2103443566940633e-06 -8.68622057738102e-07 1.9461972059601945e-06
9783.399849319927 1.2480495680233417e-06 -7.993080400906452e-07 1.914210950851846e-06
9793.222539931694 1.3006666419686274e-06 -7.553112680694743e-07 1.8793421084075097e-06
9803.045230543461 1.3390687556027593e-06 -7.277351836860901e-07 1.859608685134735e-06
9812.867921155226 1.3382269001458706e-06 -6.981749689219808e-07 1.8544136583442498e-06
