5.0000000000e+00 -6.9815808018e-01 -9.0183708452e-01 -2.2200343539e-01
1.0000000000e+01 -1.4621575451e+00 -1.1199061258e+00 -1.1125122014e+00
1.5000000000e+01 -1.2393458684e+00 1.0487160813e+00 8.9044502549e-01
2.0000000000e+01 -5.6394915087e-01 -2.5061117720e-01 7.0522416130e-01
2.5000000000e+01 -9.9901455831e-01 -1.2264997844e+00 4.9979765357e-01
3.0000000000e+01 5.7197026518e-01 -8.3126671591e-01 -4.0222534328e-01
3.5000000000e+01 2.1660337989e+00 -1.1595523630e+00 4.2953387911e-01
4.0000000000e+01 1.5551773058e+00 -9.1574294624e-01 1.8168523150e+00
4.5000000000e+01 1.7191803182e+00 7.8231349936e-01 -1.9592443830e-01
5.0000000000e+01 2.6093501016e+00 1.2409008723e+00 -1.7008278849e+00
5.5000000000e+01 4.3680885184e+00 1.2986913232e+00 -5.2195607775e-01
6.0000000000e+01 -1.3504534676e-01 1.9411528622e+00 -5.2883929575e-02
6.5000000000e+01 1.7433634625e+00 2.6404084182e+00 1.6795593920e+00
7.0000000000e+01 9.7627500288e-01 2.4463180712e+00 1.5115365791e+00
7.5000000000e+01 -4.2939618915e-01 1.3524969898e+00 1.1455665145e+00
8.0000000000e+01 4.3335755535e-01 3.0535704624e+00 1.6972030348e+00
8.5000000000e+01 -4.9084318145e-01 2.6388225115e+00 1.3514349724e+00
9.0000000000e+01 2.6962134363e-01 3.4914107909e+00 1.6013135115e+00
9.5000000000e+01 6.4000416824e-01 2.2790003869e+00 1.9757422143e+00
1.0000000000e+02 1.5675802165e+00 2.4566504753e+00 1.4012484174e+00
1.0500000000e+02 3.4990129876e+00 2.5353388806e+00 2.7448815772e+00
1.1000000000e+02 1.3382330944e+00 1.0434282822e+00 1.9578971178e+00
1.1500000000e+02 1.4078268121e+00 -1.0738163613e-01 1.6036812565e+00
1.2000000000e+02 1.5860344737e+00 8.5255759666e-01 1.5534629641e+00
1.2500000000e+02 2.9976179206e+00 1.4317985520e+00 2.7399611095e+00
1.3000000000e+02 1.3573887257e+00 3.3713026066e+00 2.7770378687e+00
1.3500000000e+02 3.2437118693e+00 4.4898901394e+00 1.8169434797e+00
1.4000000000e+02 4.5331208878e+00 3.2324564945e+00 -1.0526827460e-01
1.4500000000e+02 2.8382919166e+00 3.3053377330e+00 -3.0335477301e-01
1.5000000000e+02 1.2341446306e+00 3.0111693432e+00 -2.6443758736e-01
1.5500000000e+02 2.3175711941e+00 3.8615739789e+00 1.1410724077e+00
1.6000000000e+02 1.0447607661e+00 3.9043337709e+00 3.3274284726e+00
1.6500000000e+02 2.1030931746e+00 3.5284120985e+00 4.1702448385e+00
1.7000000000e+02 2.1028665405e+00 5.0554411211e+00 3.5682925002e+00
1.7500000000e+02 2.1373659619e+00 4.1056982923e+00 4.3433265227e+00
1.8000000000e+02 2.4300317568e+00 4.6404216994e+00 2.4670341285e+00
1.8500000000e+02 1.3425984000e+00 3.1248982592e+00 1.9356948369e+00
1.9000000000e+02 1.9309312926e+00 3.6800299175e+00 3.7059530523e+00
1.9500000000e+02 2.4202806723e+00 3.9352570770e+00 3.5899074221e+00
2.0000000000e+02 3.2513436229e+00 5.2182394852e+00 3.3425622344e+00
2.0500000000e+02 3.1944359352e+00 3.5955462491e+00 4.0494196096e+00
2.1000000000e+02 4.1328493043e+00 4.0255137599e+00 4.1566474171e+00
2.1500000000e+02 3.4467332717e+00 4.4388939634e+00 2.9413416979e+00
2.2000000000e+02 2.1355734853e+00 5.3473408408e+00 2.5570786897e+00
2.2500000000e+02 1.7992501056e+00 6.4032631325e+00 3.6873478978e+00
2.3000000000e+02 3.0948958804e+00 5.1044093272e+00 5.0887623666e+00
2.3500000000e+02 2.5499123906e+00 6.2194350335e+00 6.2177814826e+00
2.4000000000e+02 3.3397214596e+00 6.8366811232e+00 4.3035026900e+00
2.4500000000e+02 3.2125292028e+00 7.5602475772e+00 4.8548184208e+00
2.5000000000e+02 3.6390519592e+00 5.8624066316e+00 4.7662830950e+00
2.5500000000e+02 3.4341416293e+00 6.0623908429e+00 3.3140526615e+00
2.6000000000e+02 3.0053159854e+00 5.2552375366e+00 2.9961165079e+00
2.6500000000e+02 3.6021096306e+00 3.6295472008e+00 3.2005880493e+00
2.7000000000e+02 4.3257843464e+00 4.2634005627e+00 3.6850314408e+00
2.7500000000e+02 4.6909739218e+00 3.7268749859e+00 3.8101185497e+00
2.8000000000e+02 3.6413579242e+00 3.3682815854e+00 2.6522224873e+00
2.8500000000e+02 1.4082783919e+00 2.4224508339e+00 1.6893469716e+00
2.9000000000e+02 1.3962798629e+00 3.2074179643e+00 1.4970249510e+00
2.9500000000e+02 2.6233800291e+00 3.8112598975e+00 2.8344598894e+00
3.0000000000e+02 3.2614297823e+00 3.5121607816e+00 2.2015163265e+00
3.0500000000e+02 2.2092027834e+00 4.4368380817e+00 2.7278316962e+00
3.1000000000e+02 1.6990100983e+00 5.5923066737e+00 2.2581601057e+00
3.1500000000e+02 2.7063005611e+00 4.1021841168e+00 2.7947438002e+00
3.2000000000e+02 2.3216821031e+00 4.3060532054e+00 2.7775340666e+00
3.2500000000e+02 3.5687302706e+00 3.9096047937e+00 2.5115646912e-01
3.3000000000e+02 3.1797557309e+00 2.8612918104e+00 3.3396921266e-01
3.3500000000e+02 4.0140821121e+00 3.3159584161e+00 3.8422514657e-01
3.4000000000e+02 2.7817448770e+00 5.1138762494e+00 2.2913716165e+00
3.4500000000e+02 2.7260107414e+00 5.0027281218e+00 3.2155663380e+00
3.5000000000e+02 2.7033993843e+00 5.9498603244e+00 3.7180569620e+00
3.5500000000e+02 1.4527493055e+00 6.2448918677e+00 3.0468473684e+00
3.6000000000e+02 1.3080829840e+00 5.1752535026e+00 2.6481372687e+00
3.6500000000e+02 4.8794850205e-01 3.8565288525e+00 2.4556142880e+00
3.7000000000e+02 3.2725340087e-01 4.1305674821e+00 2.8725391470e+00
3.7500000000e+02 4.2148311886e-02 6.2281642756e+00 2.4806584933e+00
3.8000000000e+02 2.7259534664e-01 5.6075507287e+00 2.8718652101e+00
3.8500000000e+02 6.9705142555e-01 5.7901986745e+00 1.7379195537e+00
3.9000000000e+02 1.4281774363e+00 5.7841497639e+00 3.3311858499e+00
3.9500000000e+02 1.1682576439e+00 4.7688614033e+00 3.6578953673e+00
4.0000000000e+02 1.8003896223e+00 3.8017268118e+00 2.7470495059e+00
4.0500000000e+02 1.8380067473e+00 3.3649952473e+00 3.3809468101e+00
4.1000000000e+02 2.1032138528e+00 3.0926100346e+00 3.1980540796e+00
4.1500000000e+02 1.7958542750e+00 3.5161551207e+00 2.6648830194e+00
4.2000000000e+02 2.2496223438e+00 3.2913334191e+00 1.5526484849e+00
4.2500000000e+02 2.6685808245e+00 3.2338277712e+00 2.2796561196e+00
4.3000000000e+02 3.1408627327e+00 3.3373148329e+00 2.4591057790e+00
4.3500000000e+02 2.3072466814e+00 4.0154003256e+00 1.5777961540e+00
4.4000000000e+02 2.6377843729e+00 3.8724902628e+00 1.9823150315e+00
4.4500000000e+02 1.5864719086e+00 3.1873288754e+00 2.8341781026e+00
4.5000000000e+02 1.6956434350e+00 3.2410581771e+00 2.8486689936e+00
4.5500000000e+02 1.0691518381e+00 2.6706236232e+00 2.2229228207e+00
4.6000000000e+02 1.6924722885e+00 2.2283126792e+00 1.6964129802e+00
4.6500000000e+02 2.2468399977e+00 1.8658638704e+00 1.6582734782e+00
4.7000000000e+02 1.4574432805e+00 2.5851138684e+00 1.0170131637e+00
4.7500000000e+02 1.8146159843e+00 2.1910655002e+00 1.3125596825e+00
4.8000000000e+02 2.2294962147e+00 3.0437843450e+00 3.7436690854e-01
4.8500000000e+02 1.2072768387e+00 2.3217273616e+00 7.9743794417e-01
4.9000000000e+02 6.9673562370e-01 3.2085505998e+00 1.8799573303e+00
4.9500000000e+02 9.0047679306e-01 3.1499226151e+00 9.3547378555e-01
5.0000000000e+02 1.6586356315e+00 2.4039537204e+00 2.1794418172e+00
5.0500000000e+02 2.0750318053e+00 2.1486226972e+00 2.4604717062e+00
5.1000000000e+02 2.3185908979e+00 1.6885816801e+00 3.2035409342e+00
5.1500000000e+02 3.1732482576e+00 2.4544407491e+00 2.7263540682e+00
5.2000000000e+02 3.0514593582e+00 2.7908737645e+00 3.8218380531e+00
5.2500000000e+02 3.0043611525e+00 3.3107914989e+00 3.6564403046e+00
5.3000000000e+02 3.2210112960e+00 4.9435551415e+00 3.8479117233e+00
5.3500000000e+02 2.5675657629e+00 4.9112085065e+00 4.0742893166e+00
5.4000000000e+02 3.3493266932e+00 4.8753582878e+00 3.9519299127e+00
5.4500000000e+02 3.8658725503e+00 3.9151916587e+00 2.9367419346e+00
5.5000000000e+02 4.1129950098e+00 4.6221264015e+00 2.5887655515e+00
5.5500000000e+02 3.9452886671e+00 3.6869481117e+00 2.0275338973e+00
5.6000000000e+02 4.6654420544e+00 4.2787079066e+00 1.7383284684e+00
5.6500000000e+02 4.5869740937e+00 4.0766555439e+00 2.1675291033e+00
5.7000000000e+02 5.4235787327e+00 3.3930649191e+00 2.9216458514e+00
5.7500000000e+02 5.5572453744e+00 3.0710154359e+00 1.9372358551e+00
5.8000000000e+02 4.3014958033e+00 2.8275669152e+00 2.8678084003e+00
5.8500000000e+02 3.5806249291e+00 3.9629011828e+00 3.3479164875e+00
5.9000000000e+02 4.3924033500e+00 3.2837790820e+00 3.4475591244e+00
5.9500000000e+02 3.9086295263e+00 3.6664733104e+00 1.5198849522e+00
6.0000000000e+02 2.6336718634e+00 3.3920585188e+00 1.2468686402e+00
6.0500000000e+02 1.7980697318e+00 3.4012680048e+00 6.8171992854e-01
6.1000000000e+02 2.8827097597e+00 4.3974183503e+00 1.4417791000e-01
6.1500000000e+02 2.8636084476e+00 4.0935192498e+00 9.2571179015e-01
6.2000000000e+02 3.0577098206e+00 4.6698288993e+00 6.8724296167e-01
6.2500000000e+02 1.7927695994e+00 3.9259374150e+00 1.4963828128e+00
6.3000000000e+02 1.8139081665e+00 2.4444872209e+00 2.8560784339e-01
6.3500000000e+02 6.8764705527e-01 1.9775658561e+00 3.5885973642e-01
6.4000000000e+02 1.7239047730e+00 1.2253152891e+00 1.5407842530e+00
6.4500000000e+02 1.9900454183e+00 1.0570073031e+00 3.2080211568e+00
6.5000000000e+02 1.8425855270e+00 1.7716386325e+00 3.1418915211e+00
6.5500000000e+02 1.7015621512e+00 2.4250789332e+00 2.9976265283e+00
6.6000000000e+02 1.7820444569e+00 3.3210088038e+00 2.5096489371e+00
6.6500000000e+02 1.8150223191e+00 3.7160645404e+00 2.9541338141e+00
6.7000000000e+02 2.7519849067e+00 2.5524079929e+00 2.3776072951e+00
6.7500000000e+02 2.0584339041e+00 2.4330602853e+00 1.5974742818e+00
6.8000000000e+02 1.2450505310e+00 1.0897240717e+00 1.0840463512e+00
6.8500000000e+02 1.8857894256e+00 9.5203350955e-01 1.4089068935e+00
6.9000000000e+02 9.0613591324e-01 2.1139466578e-01 1.6165536255e+00
6.9500000000e+02 9.4273692307e-01 1.1281118839e+00 2.1008267458e+00
7.0000000000e+02 3.8567709720e-01 2.1224212253e+00 2.7330557769e+00
7.0500000000e+02 1.0355281410e+00 3.2484582037e+00 2.5552640965e+00
7.1000000000e+02 2.1974320272e+00 2.3937443391e+00 2.3393629215e+00
7.1500000000e+02 1.7170888551e+00 2.9843196579e+00 3.0510374490e+00
7.2000000000e+02 1.8570179689e+00 2.7804520056e+00 3.6882954006e+00
7.2500000000e+02 2.3250919210e+00 2.1885259339e+00 3.7748046944e+00
7.3000000000e+02 2.2559938579e+00 1.7065449802e+00 2.4737701994e+00
7.3500000000e+02 2.4207758153e+00 2.4037107106e+00 3.2132636175e+00
7.4000000000e+02 1.9090209668e+00 1.2356571069e+00 2.8957314075e+00
7.4500000000e+02 1.6635322572e+00 1.5344914228e+00 3.0148214280e+00
7.5000000000e+02 8.2929926955e-01 1.2783266477e+00 3.2551621948e+00
7.5500000000e+02 8.6902904141e-01 2.0426224364e+00 2.4182139520e+00
7.6000000000e+02 5.9783258372e-01 1.9314628868e+00 1.5224229770e+00
7.6500000000e+02 4.6554472254e-01 1.5037273158e+00 2.1412083851e+00
7.7000000000e+02 -7.3448213517e-02 1.7723493669e+00 2.3674937978e+00
7.7500000000e+02 1.5654104762e+00 1.4759492123e+00 2.0444280596e+00
7.8000000000e+02 7.9990316029e-01 9.9219616755e-01 2.7799134155e+00
7.8500000000e+02 7.9949659466e-01 -9.5194139229e-02 1.2098280528e+00
7.9000000000e+02 1.0509769713e+00 8.5794823358e-01 1.6727361566e+00
7.9500000000e+02 1.3538955420e+00 7.7959955211e-01 1.4810980572e+00
8.0000000000e+02 4.4061292016e-01 7.4448774468e-01 1.0860383256e+00
8.0500000000e+02 1.3497087367e+00 1.0886861271e+00 1.4251258902e+00
8.1000000000e+02 1.7194177323e+00 9.0483706486e-01 1.4030662296e+00
8.1500000000e+02 5.1669708520e-01 9.8092074122e-02 2.5204618777e+00
8.2000000000e+02 1.9237212678e-01 5.9124540008e-01 2.6992687274e+00
8.2500000000e+02 -3.8018384450e-01 1.2290781714e+00 3.5034794890e+00
8.3000000000e+02 -7.0037177401e-01 1.1753482752e+00 2.9743874187e+00
8.3500000000e+02 -1.1620898085e+00 2.0700551574e+00 2.6818157684e+00
8.4000000000e+02 -5.8431342620e-01 2.5975486652e+00 1.4399529509e+00
8.4500000000e+02 4.2545225494e-01 2.8579703117e+00 6.9066314973e-01
8.5000000000e+02 1.0002316201e+00 2.0892704529e+00 1.9440104524e-01
8.5500000000e+02 1.3500859608e+00 2.2515576285e+00 -5.3302899120e-02
8.6000000000e+02 2.2584997966e-01 3.2539314730e+00 -5.0741501890e-02
8.6500000000e+02 8.6379228692e-01 1.6136688493e+00 -3.6564976960e-01
8.7000000000e+02 2.0678693342e+00 6.5258856410e-01 4.7893280774e-02
8.7500000000e+02 1.8622402309e+00 -4.2390863086e-01 -2.5004534888e-01
8.8000000000e+02 1.1673830853e+00 -1.3256961929e-01 5.6142801144e-01
8.8500000000e+02 1.1315163715e+00 1.3799860458e+00 1.1549614020e+00
8.9000000000e+02 1.4077455903e+00 1.1035511723e+00 2.1737511653e+00
8.9500000000e+02 1.0147646003e+00 2.2036817141e+00 2.5758887458e+00
9.0000000000e+02 8.0838686953e-01 1.1618663916e+00 3.0413636849e+00
9.0500000000e+02 3.9181431710e-01 1.0953655737e+00 2.7295712555e+00
9.1000000000e+02 1.5736192879e+00 3.1421502735e-01 2.1210668801e+00
9.1500000000e+02 2.1419184575e+00 1.4160273408e+00 3.3218158049e+00
9.2000000000e+02 5.5168866487e-01 6.4450740574e-01 2.9707185993e+00
9.2500000000e+02 1.2627999613e+00 2.0909699039e+00 2.2228666073e+00
9.3000000000e+02 1.1905534931e+00 1.8693360119e+00 1.3057628493e+00
9.3500000000e+02 1.2820860181e+00 2.6828582823e+00 1.7122386600e+00
9.4000000000e+02 1.3169890627e+00 3.2342438161e+00 6.8449993037e-01
9.4500000000e+02 1.1656693244e+00 3.0553915593e+00 1.9941401855e+00
9.5000000000e+02 7.3135698088e-01 2.6864556097e+00 1.0670307421e+00
9.5500000000e+02 5.9610750867e-01 3.1650293901e+00 1.5385846218e+00
9.6000000000e+02 1.3605163681e+00 3.3165758085e+00 1.5873488214e+00
9.6500000000e+02 9.7157307588e-01 3.0920388958e+00 7.3226580772e-01
9.7000000000e+02 8.6179103901e-01 2.4881188133e+00 4.9075859559e-01
9.7500000000e+02 -2.3375214638e-01 2.2965682347e+00 5.0520045193e-01
9.8000000000e+02 3.2771599701e-01 1.5920128815e+00 1.1619756912e+00
9.8500000000e+02 7.5590575925e-01 1.9630450585e+00 1.1276362299e+00
9.9000000000e+02 3.6085105188e-01 1.7987840624e+00 1.7267150425e+00
9.9500000000e+02 1.4584179630e-01 1.8606651371e+00 1.4873231255e+00
1.0000000000e+03 3.1199220984e-01 2.6674400204e+00 2.2023418025e+00
