5.0000000000e+00 2.4635930343e-01 2.8956054080e-01 -3.1139292993e-01
1.0000000000e+01 1.9655051801e+00 2.3133198498e+00 1.1432944957e+00
1.5000000000e+01 2.1860165087e+00 4.1542669442e-01 9.5402842245e-01
2.0000000000e+01 1.4152804616e+00 1.9815809534e+00 2.4489504339e-01
2.5000000000e+01 4.0249152216e+00 1.1024408032e+00 3.0263824935e+00
3.0000000000e+01 4.1639495273e+00 1.6329351878e+00 2.3888047952e+00
3.5000000000e+01 2.7138265626e+00 7.2802120988e-01 6.8280912842e-01
4.0000000000e+01 1.7276710265e-01 2.4628054356e+00 3.0366923145e+00
4.5000000000e+01 -3.6969660408e-02 1.3010469962e+00 3.2254330648e+00
5.0000000000e+01 1.9903194253e+00 3.5899045394e+00 2.7886129485e+00
5.5000000000e+01 3.2227907914e+00 2.9489715733e+00 4.8097807672e+00
6.0000000000e+01 1.1300463324e+00 1.5932126404e+00 3.9056221390e+00
6.5000000000e+01 1.6576179705e+00 2.8343145318e+00 2.0109068977e+00
7.0000000000e+01 2.3321508714e+00 4.3003909773e+00 3.5667893921e+00
7.5000000000e+01 3.0955608436e+00 2.2071308328e+00 1.4138264906e+00
8.0000000000e+01 2.9136098599e+00 7.5073944147e-01 1.3968491400e+00
8.5000000000e+01 2.7988376153e+00 2.4037047627e+00 3.0951635629e+00
9.0000000000e+01 2.1589136887e+00 2.6041381158e+00 1.6926816195e+00
9.5000000000e+01 4.3560803572e+00 3.8570928458e+00 1.4966506133e+00
1.0000000000e+02 1.7152439835e+00 2.5518139685e+00 5.3086445763e-01
1.0500000000e+02 1.8769059508e+00 1.5991444463e+00 1.8100743410e+00
1.1000000000e+02 3.2044287569e+00 2.2825597078e+00 1.8972244796e+00
1.1500000000e+02 4.6209203060e+00 3.7717000248e+00 3.4057230798e+00
1.2000000000e+02 3.2220229341e+00 8.7489240332e-01 4.7318248848e+00
1.2500000000e+02 2.2144206873e+00 2.7709469137e+00 5.1759746963e+00
1.3000000000e+02 3.9954854146e+00 3.1379274962e+00 3.9498165364e+00
1.3500000000e+02 4.4360257165e+00 3.4970967535e+00 5.4491812892e+00
1.4000000000e+02 2.1801009145e+00 3.7584703428e+00 4.5942477521e+00
1.4500000000e+02 3.1633841653e+00 3.4379852243e+00 4.3655288841e+00
1.5000000000e+02 2.8894455288e+00 2.9697347016e+00 5.9191115517e+00
1.5500000000e+02 3.0804876889e+00 4.4546777928e+00 6.4485014510e+00
1.6000000000e+02 1.6425094139e+00 2.0630943175e+00 6.2068788043e+00
1.6500000000e+02 1.0128599677e+00 2.0469538702e+00 4.5099354721e+00
1.7000000000e+02 3.7389434274e+00 -1.9527721331e-02 4.0310929965e+00
1.7500000000e+02 3.8514019310e+00 3.4219558704e+00 3.0261172101e+00
1.8000000000e+02 4.9403092123e+00 3.1027654970e+00 3.1954440177e+00
1.8500000000e+02 4.4899513570e+00 3.1045044848e+00 3.6595333791e+00
1.9000000000e+02 5.0144087631e+00 4.0480565682e+00 3.4619151209e+00
1.9500000000e+02 5.8038520012e+00 3.9041192942e+00 4.5548948250e+00
2.0000000000e+02 5.5650440413e+00 1.8308150126e+00 3.8893929917e+00
2.0500000000e+02 4.0724745004e+00 3.8166860079e+00 2.8123348332e+00
2.1000000000e+02 5.9137934733e+00 3.0049604025e+00 3.5073770493e+00
2.1500000000e+02 6.6218120663e+00 3.1775577368e+00 4.3546066766e+00
2.2000000000e+02 3.2170073741e+00 3.2727320960e+00 3.3327492841e+00
2.2500000000e+02 2.2722822341e+00 2.6389049157e+00 3.1489221074e+00
2.3000000000e+02 2.5244070251e+00 2.1686201538e+00 3.0242127455e+00
2.3500000000e+02 2.8910891328e+00 1.0372938754e+00 4.7744053122e+00
2.4000000000e+02 3.1751976378e+00 1.3512815498e+00 2.7757339894e+00
2.4500000000e+02 3.3625071170e+00 5.2782867990e-01 2.2079376151e+00
2.5000000000e+02 3.8100138948e+00 1.6046152181e+00 2.4113586194e+00
2.5500000000e+02 3.2646706120e+00 1.7765063023e+00 2.6468910698e+00
2.6000000000e+02 1.6115220799e+00 4.0353346729e-01 1.7189977772e+00
2.6500000000e+02 2.4038863103e+00 1.2991771519e+00 1.2510637791e+00
2.7000000000e+02 1.7222542619e+00 1.9433101967e+00 1.6750487062e+00
2.7500000000e+02 2.6939323013e+00 1.1368525579e+00 2.8989679484e+00
2.8000000000e+02 2.7270724119e+00 1.0761136236e+00 3.0176955189e+00
2.8500000000e+02 1.9211573930e+00 -2.0385468789e-01 2.5626916935e+00
2.9000000000e+02 4.3364728528e+00 1.5369494579e+00 1.5985221191e+00
2.9500000000e+02 4.6616253260e+00 2.1539141068e+00 3.3166779937e+00
3.0000000000e+02 3.9902158244e+00 1.7893448939e+00 3.2710378217e+00
3.0500000000e+02 3.5807721284e+00 3.2253559828e+00 3.1555562752e+00
3.1000000000e+02 2.4872198965e+00 2.2818416705e+00 3.4449262145e+00
3.1500000000e+02 1.7390629972e+00 1.4718667055e+00 3.9229650117e+00
3.2000000000e+02 2.5127733241e+00 1.2708936803e+00 3.6874559513e+00
3.2500000000e+02 3.2076848161e+00 6.0762333649e-01 3.9392419661e+00
3.3000000000e+02 4.2291755264e+00 1.9007753985e+00 1.8035821219e+00
3.3500000000e+02 1.8608638694e+00 3.2199548219e+00 2.9916883285e+00
3.4000000000e+02 2.7598097851e+00 4.2005715961e+00 2.6450800360e+00
3.4500000000e+02 2.8311384839e+00 3.9351510231e+00 2.5853982046e+00
3.5000000000e+02 2.0958736238e+00 3.5337689558e+00 4.0521081844e+00
3.5500000000e+02 1.1473237621e+00 1.5340563977e+00 5.0743362575e+00
3.6000000000e+02 2.3516792422e+00 1.2296431418e+00 4.0321563783e+00
3.6500000000e+02 3.6155922177e+00 1.3745625144e+00 2.7900402140e+00
3.7000000000e+02 3.1644542199e+00 2.3741781103e+00 3.3802340842e+00
3.7500000000e+02 3.1245068412e+00 1.8186246884e+00 2.2705678276e+00
3.8000000000e+02 3.4450905887e+00 1.5893362683e+00 2.1890320284e+00
3.8500000000e+02 2.7177575940e+00 1.5430718490e+00 2.1491238553e+00
3.9000000000e+02 2.0165629621e+00 1.3076779708e+00 3.2164563322e+00
3.9500000000e+02 2.7172092356e+00 2.0432665094e+00 3.4349514884e+00
4.0000000000e+02 8.0285131046e-01 1.2571989168e+00 3.2597336138e+00
4.0500000000e+02 9.8559995546e-02 1.5022416856e+00 2.8184804994e+00
4.1000000000e+02 1.0404473431e+00 2.3954493614e+00 1.7448729871e+00
4.1500000000e+02 2.7614050825e+00 3.0894247368e+00 2.2969836624e+00
4.2000000000e+02 3.4698574028e+00 1.8658379581e+00 2.0624646195e+00
4.2500000000e+02 3.8320668224e+00 2.5513176720e+00 1.7912764438e+00
4.3000000000e+02 4.1447626197e+00 3.1926381673e+00 1.2632407433e-01
4.3500000000e+02 2.6154704280e+00 3.0225994346e+00 -2.0261321479e-01
4.4000000000e+02 3.0306466165e+00 2.0364824470e+00 1.0317286137e-01
4.4500000000e+02 2.4855333239e+00 1.4321515958e+00 1.1689707446e+00
4.5000000000e+02 1.4378204084e+00 1.5777201933e+00 6.5075673123e-01
4.5500000000e+02 9.0777584232e-01 1.2348266044e+00 1.1529891218e+00
4.6000000000e+02 9.7521913628e-01 1.9967597466e+00 1.5971649524e+00
4.6500000000e+02 1.3036490434e+00 2.0879377249e+00 2.2186220705e+00
4.7000000000e+02 2.8317273187e+00 1.2981316782e+00 3.0838445711e+00
4.7500000000e+02 3.1364750460e+00 1.4340316110e+00 4.0648640305e+00
4.8000000000e+02 3.4664146558e+00 1.9959474308e+00 2.9604709475e+00
4.8500000000e+02 4.3841305974e+00 2.5263481627e+00 2.7409700360e+00
4.9000000000e+02 3.2901645428e+00 1.7982639320e+00 1.9185984715e+00
4.9500000000e+02 4.0277239736e+00 2.3784111289e+00 2.6657552397e+00
5.0000000000e+02 4.2772982473e+00 1.6948771461e+00 2.8279529143e+00
5.0500000000e+02 3.8149621226e+00 3.3035928445e+00 3.8129795392e+00
5.1000000000e+02 3.5873883497e+00 1.9116818926e+00 3.5939352915e+00
5.1500000000e+02 2.2369742637e+00 8.1753218646e-01 3.8173381515e+00
5.2000000000e+02 2.5291539422e+00 1.5993394252e+00 3.4282733221e+00
5.2500000000e+02 2.2581578115e+00 3.2771485001e+00 4.0054350217e+00
5.3000000000e+02 2.9493929448e+00 2.4390260142e+00 3.5022739717e+00
5.3500000000e+02 3.7864668284e+00 2.2572745187e+00 2.2562950177e+00
5.4000000000e+02 4.6610482371e+00 1.7437780351e+00 1.1349550355e+00
5.4500000000e+02 2.3848316137e+00 3.3688342120e+00 9.4136477915e-01
5.5000000000e+02 2.1268539666e+00 2.2937821297e+00 1.3334963441e+00
5.5500000000e+02 2.4695609010e+00 3.2714392276e+00 1.7386847625e+00
5.6000000000e+02 2.1930475829e+00 3.2687881417e+00 9.1384600245e-01
5.6500000000e+02 2.8946057173e+00 1.6341810867e+00 2.8684033880e-01
5.7000000000e+02 3.5490731318e+00 1.6222253151e+00 8.5594664589e-01
5.7500000000e+02 2.4722775408e+00 1.9272604819e+00 6.3066700264e-01
5.8000000000e+02 3.4243786482e+00 2.0180236790e+00 4.7046705479e-01
5.8500000000e+02 2.9617109683e+00 2.6241793627e+00 1.6905245877e+00
5.9000000000e+02 1.9241477223e+00 2.2436101268e+00 1.9694793238e+00
5.9500000000e+02 1.1537728183e+00 2.0730501905e+00 2.3273985675e+00
6.0000000000e+02 1.8295042278e+00 1.6278254374e+00 1.8003000422e+00
6.0500000000e+02 1.9157725029e+00 -2.3803497229e-01 2.8418061711e+00
6.1000000000e+02 1.5238852821e+00 1.7157262845e-01 2.2620205149e+00
6.1500000000e+02 2.3748164005e-01 9.0303271917e-01 1.7457270286e+00
6.2000000000e+02 6.5089978073e-01 1.2449539778e+00 1.4097142710e+00
6.2500000000e+02 1.5807466953e+00 1.3572605894e+00 2.0474896295e+00
6.3000000000e+02 1.7660550749e+00 2.4807796777e+00 1.5617889930e+00
6.3500000000e+02 1.0507708168e+00 2.2509508654e+00 1.4309836183e+00
6.4000000000e+02 1.7656226654e+00 3.2513688612e+00 1.0325320194e+00
6.4500000000e+02 2.1933756436e+00 2.4147212771e+00 1.8176485202e+00
6.5000000000e+02 3.0478609365e+00 2.4545083766e+00 2.2819680414e+00
6.5500000000e+02 4.5112539442e+00 2.5866109313e+00 2.7628507511e+00
6.6000000000e+02 2.7559457768e+00 2.5634163077e+00 3.6952079378e+00
6.6500000000e+02 2.3635800437e+00 2.7526021520e+00 3.1473433298e+00
6.7000000000e+02 1.7413074397e+00 3.3052980731e+00 3.6567750359e+00
6.7500000000e+02 1.5736256545e+00 2.4321586011e+00 3.4941686503e+00
6.8000000000e+02 1.7725474711e+00 2.0665862283e+00 1.3257207272e+00
6.8500000000e+02 1.0020973885e+00 1.9816308129e+00 1.2897342277e+00
6.9000000000e+02 5.0607900705e-02 8.6521911374e-01 2.6603359558e+00
6.9500000000e+02 -2.9059485872e-02 2.7072744001e-01 2.2676328135e+00
7.0000000000e+02 1.4182751469e+00 3.1484583741e-01 1.8975118520e+00
7.0500000000e+02 6.5722782554e-01 1.3178055607e+00 2.6363290367e+00
7.1000000000e+02 2.7873825879e-01 1.9785315556e+00 1.2050023346e+00
7.1500000000e+02 -6.7857016319e-03 8.9920433014e-01 1.0591945484e+00
7.2000000000e+02 3.2051305471e-01 1.1505200074e+00 7.4979662882e-01
7.2500000000e+02 3.6709303021e-01 1.9485685055e+00 5.7760922782e-02
7.3000000000e+02 4.2115739142e-01 3.1737077590e+00 5.0214975298e-01
7.3500000000e+02 1.0405269701e-01 2.5159411125e+00 -1.2747649743e-01
7.4000000000e+02 5.8156879668e-01 2.3822732287e+00 -3.2080647471e-01
7.4500000000e+02 7.2625126553e-01 1.9622784012e+00 -9.1872726807e-01
7.5000000000e+02 2.0511686428e+00 1.3258541550e+00 8.6719807182e-02
7.5500000000e+02 2.2847345396e+00 6.1077559474e-01 3.1148671448e-01
7.6000000000e+02 1.1144002237e+00 -1.3997752423e-01 2.8298297291e-02
7.6500000000e+02 1.7818984335e+00 8.0098160835e-01 -2.2077743301e-01
7.7000000000e+02 1.1428145995e+00 1.9773904276e+00 -1.9437102340e-01
7.7500000000e+02 1.3650832651e+00 1.3766894413e+00 -4.1908318955e-01
7.8000000000e+02 1.0720723103e+00 4.6110283033e-01 6.4743591704e-01
7.8500000000e+02 9.9889942936e-01 5.9405863439e-01 1.3704032881e+00
7.9000000000e+02 1.3086162626e+00 2.6850669634e-01 2.4652956591e+00
7.9500000000e+02 1.0953935021e+00 1.6800290549e+00 3.1346241201e+00
8.0000000000e+02 5.3580819477e-01 2.0103259317e+00 2.5615325097e+00
8.0500000000e+02 9.7304515332e-01 1.5275446661e+00 2.1909106967e+00
8.1000000000e+02 1.7565599708e+00 1.6662970667e+00 2.2257833261e+00
8.1500000000e+02 2.9367445637e+00 2.0582601188e+00 1.9678040131e+00
8.2000000000e+02 2.6604461556e+00 1.6428693747e+00 1.6946223226e+00
8.2500000000e+02 1.0650625426e+00 1.6092852837e+00 1.9263942257e+00
8.3000000000e+02 8.6261904207e-01 9.3930218985e-01 2.5653915041e+00
8.3500000000e+02 4.3576461293e-01 1.3014666589e+00 2.2237208125e+00
8.4000000000e+02 1.1875023483e+00 1.1677012297e+00 2.4582330073e+00
8.4500000000e+02 8.7619497725e-01 1.2463760224e+00 1.9341858563e+00
8.5000000000e+02 9.1834544398e-01 9.8298852853e-01 1.6363187691e+00
8.5500000000e+02 2.1761683917e+00 1.1645727687e+00 7.5589301642e-01
8.6000000000e+02 3.2379412950e+00 5.8368828128e-01 1.6659167987e+00
8.6500000000e+02 3.6601097382e+00 -3.5541968302e-01 1.2696922654e+00
8.7000000000e+02 3.1316505170e+00 -1.0719670231e+00 8.6513994379e-01
8.7500000000e+02 3.0660831316e+00 -4.5163187888e-01 1.3292140271e+00
8.8000000000e+02 3.1122301943e+00 3.6668677001e-01 1.9734710592e+00
8.8500000000e+02 2.6013005085e+00 1.2788962576e+00 2.3255978835e+00
8.9000000000e+02 2.2103838397e+00 2.2200554304e+00 1.6747349888e+00
8.9500000000e+02 1.5880627612e+00 1.2530100597e+00 5.7974160032e-01
9.0000000000e+02 1.8724189672e+00 1.1588518105e+00 8.0771616398e-01
9.0500000000e+02 2.3882987600e+00 1.1806037024e+00 2.1268083914e-01
9.1000000000e+02 1.7573304993e+00 1.0039531678e+00 1.3665615586e+00
9.1500000000e+02 1.4590242388e+00 1.6775090432e+00 1.1416722024e+00
9.2000000000e+02 9.0328953612e-01 2.0041152720e+00 1.8184935946e+00
9.2500000000e+02 5.7877467007e-01 1.6274586716e+00 8.5795337643e-01
9.3000000000e+02 3.8045308760e-01 7.1816545903e-01 1.3355644554e+00
9.3500000000e+02 6.0881867234e-02 1.1760424523e+00 1.5954814070e+00
9.4000000000e+02 6.3801189634e-03 1.1311954536e+00 1.7113240727e+00
9.4500000000e+02 4.1453554825e-01 1.0286573695e+00 1.7155990175e+00
9.5000000000e+02 4.3557246302e-01 1.7217479609e+00 1.3469050418e+00
9.5500000000e+02 6.1580748907e-01 2.8928547587e+00 1.7606329960e+00
9.6000000000e+02 4.9296648387e-01 1.8325892568e+00 1.8078799147e+00
9.6500000000e+02 2.3654709897e-01 2.8056494064e+00 2.9431977675e+00
9.7000000000e+02 1.0146220774e+00 3.3174092138e+00 2.9054058547e+00
9.7500000000e+02 7.4329259911e-01 2.8405041406e+00 1.8928821325e+00
9.8000000000e+02 1.3165467884e+00 2.3326829486e+00 2.2089942703e+00
9.8500000000e+02 1.8185935650e+00 2.1286803590e+00 6.9846280034e-01
9.9000000000e+02 1.8456036188e+00 2.1369806335e+00 1.9676043813e+00
9.9500000000e+02 1.6140815798e+00 3.0385561455e+00 1.7442019200e+00
1.0000000000e+03 1.2966778620e+00 2.5126608054e+00 1.4483351269e+00
