5.0000000000e+00 1.3428777006e+00 9.6040548703e-01 -1.7413327913e-01
1.0000000000e+01 1.4722737247e-02 -1.9029640499e-01 -2.0905846282e-01
1.5000000000e+01 -1.5548381270e+00 -1.6472097462e+00 1.1382237906e+00
2.0000000000e+01 -3.8150874740e-02 -8.6075270180e-01 -1.2337290030e+00
2.5000000000e+01 1.1402278617e+00 1.0159192124e-02 -2.0225859367e-01
3.0000000000e+01 3.6245074193e+00 1.7264304500e+00 1.7014314262e+00
3.5000000000e+01 3.1426877931e+00 2.3894786521e+00 1.9676174840e+00
4.0000000000e+01 2.6774926963e+00 3.4964908317e+00 2.9250126318e+00
4.5000000000e+01 1.2406024821e+00 3.3972405068e+00 3.3258119087e+00
5.0000000000e+01 2.6562473795e+00 3.2268311987e+00 3.6583366107e+00
5.5000000000e+01 2.8221428133e+00 2.2543121649e+00 2.5920207072e+00
6.0000000000e+01 4.5957231973e+00 5.9518596415e-01 2.7607354493e+00
6.5000000000e+01 4.0640782737e+00 7.0149948972e-01 1.8247402797e+00
7.0000000000e+01 2.7538871115e+00 4.9671929042e-01 2.2650015642e+00
7.5000000000e+01 2.9627987510e+00 5.9000165648e-01 2.6279866046e+00
8.0000000000e+01 2.6804175289e+00 1.7666589083e+00 2.6301570341e+00
8.5000000000e+01 1.9663640246e+00 -3.4814053924e-01 9.9938290721e-01
9.0000000000e+01 3.1179708855e+00 1.9378670176e-01 1.5151375840e+00
9.5000000000e+01 1.9081872959e+00 1.4377723240e+00 1.4683980765e+00
1.0000000000e+02 1.7951041117e+00 5.7601443657e-01 1.2207975578e+00
1.0500000000e+02 1.6163087924e+00 2.8673438202e-01 -5.9888056209e-02
1.1000000000e+02 8.2967914070e-01 1.4501401805e-01 1.3195765683e+00
1.1500000000e+02 1.8371465952e+00 2.7286359289e+00 2.2329907886e+00
1.2000000000e+02 2.6206421414e-01 3.0179696511e+00 3.3677369787e+00
1.2500000000e+02 2.3776336289e+00 2.2643418020e+00 2.5857263999e+00
1.3000000000e+02 2.2996136392e+00 3.1933161856e+00 1.6722906213e+00
1.3500000000e+02 2.4395392220e+00 1.8810683444e+00 4.1787273371e+00
1.4000000000e+02 2.1829040422e+00 1.5462672828e+00 4.8863441253e+00
1.4500000000e+02 2.5898176815e+00 2.8551161079e+00 3.8916360879e+00
1.5000000000e+02 2.8396743415e+00 4.4565736849e+00 2.9143760966e+00
1.5500000000e+02 3.7474613082e+00 3.2809910049e+00 1.7713665210e+00
1.6000000000e+02 3.1174007064e+00 1.5636865730e+00 2.6850045832e+00
1.6500000000e+02 3.3411713992e+00 2.8780443091e+00 2.7931503066e+00
1.7000000000e+02 3.5492983748e+00 2.4033789754e+00 2.2972170397e+00
1.7500000000e+02 2.3310290499e+00 1.2690290051e+00 1.2555672573e+00
1.8000000000e+02 3.7857662629e+00 3.1431399062e+00 1.7240730508e+00
1.8500000000e+02 4.9950647379e+00 1.9947149496e+00 2.1159733370e-01
1.9000000000e+02 4.2970543378e+00 2.8325442298e+00 5.7559429416e-01
1.9500000000e+02 2.8066938835e+00 3.0919352267e+00 9.5820539252e-01
2.0000000000e+02 2.7936577635e+00 3.6433917014e+00 3.0704286555e+00
2.0500000000e+02 2.7247317425e+00 4.7156348218e+00 2.3415969276e+00
2.1000000000e+02 3.7153798364e+00 4.5560616473e+00 3.7586794582e+00
2.1500000000e+02 3.6914953277e+00 3.9351243558e+00 3.5927567968e+00
2.2000000000e+02 4.0920040834e+00 4.2818704935e+00 2.0649196629e+00
2.2500000000e+02 4.6193431751e+00 3.0946963879e+00 2.7951014850e+00
2.3000000000e+02 4.5382126618e+00 4.5526213949e+00 3.3233572640e+00
2.3500000000e+02 4.9585064021e+00 3.0149490219e+00 2.1906759296e+00
2.4000000000e+02 6.3032581468e+00 3.9366423862e+00 1.5633708451e+00
2.4500000000e+02 6.1834471442e+00 3.2108523345e+00 1.5065109022e+00
2.5000000000e+02 5.3599571191e+00 1.8911106326e+00 1.9275973089e+00
2.5500000000e+02 2.8791168224e+00 1.9726441218e+00 7.4606384916e-02
2.6000000000e+02 5.2211723173e+00 2.3782704580e+00 3.2114175059e+00
2.6500000000e+02 4.5531941863e+00 3.0118345067e+00 6.8548785097e-01
2.7000000000e+02 3.4339613136e+00 2.6425534962e+00 2.8806091846e+00
2.7500000000e+02 3.6917788577e+00 2.4067326846e+00 1.6773725690e+00
2.8000000000e+02 4.6089227683e+00 3.4311097539e+00 1.0475252582e+00
2.8500000000e+02 4.9504199225e+00 3.3866309396e+00 1.3066223279e+00
2.9000000000e+02 3.2833374108e+00 2.8711814413e+00 2.3588042876e+00
2.9500000000e+02 2.7230584589e+00 2.0241498439e+00 2.0862105599e+00
3.0000000000e+02 4.0221013214e+00 1.3833618592e+00 2.7402766038e+00
3.0500000000e+02 3.5648710132e+00 8.2789868484e-01 3.6337012953e+00
3.1000000000e+02 3.8921506321e+00 1.0404094887e+00 4.8735545453e+00
3.1500000000e+02 4.3561597316e+00 2.9803595092e+00 3.4577610607e+00
3.2000000000e+02 4.1798239621e+00 4.1833648132e+00 3.8653199169e+00
3.2500000000e+02 2.6805679189e+00 2.5873052598e+00 5.6820439190e+00
3.3000000000e+02 3.4449438895e+00 1.6456333725e+00 4.3986129274e+00
3.3500000000e+02 4.6542291707e+00 3.3230410665e+00 6.0914152885e+00
3.4000000000e+02 5.0790023229e+00 3.4687521582e+00 4.2153447047e+00
3.4500000000e+02 4.0161849498e+00 3.6115751694e+00 3.2493886917e+00
3.5000000000e+02 3.1282435930e+00 2.6391392909e+00 2.6472259055e+00
3.5500000000e+02 3.7263250480e+00 3.9785444619e+00 2.7591869098e+00
3.6000000000e+02 3.3042945445e+00 4.0286428260e+00 2.8283016000e+00
3.6500000000e+02 2.9952309195e+00 3.2705439072e+00 2.3197136815e+00
3.7000000000e+02 2.1523269813e+00 3.5896625218e+00 3.7068870361e+00
3.7500000000e+02 3.5621293759e+00 2.9204920895e+00 3.0922570130e+00
3.8000000000e+02 3.3478537061e+00 2.5317833672e+00 3.4114895833e+00
3.8500000000e+02 3.2112406096e+00 1.8448039527e+00 2.9941684616e+00
3.9000000000e+02 1.9072112117e+00 3.0236080672e+00 3.2905207561e+00
3.9500000000e+02 1.8822611523e+00 2.6959407181e+00 2.5497871814e+00
4.0000000000e+02 1.5632393077e+00 2.5937512549e+00 1.9718620526e+00
4.0500000000e+02 1.6328075553e+00 1.7917312461e+00 2.3665653730e+00
4.1000000000e+02 7.7792234777e-01 7.7663577674e-01 3.8244106034e+00
4.1500000000e+02 3.3829769972e-01 9.5851937826e-01 4.3222876584e+00
4.2000000000e+02 1.4782192905e+00 6.6970263605e-01 2.9945460823e+00
4.2500000000e+02 2.2038073341e+00 1.1039839719e+00 2.1240257909e+00
4.3000000000e+02 1.1794159680e+00 1.2870950564e+00 2.8791876149e+00
4.3500000000e+02 1.4940754688e+00 1.6856385201e-01 2.8504570406e+00
4.4000000000e+02 1.6185697188e+00 5.9922799682e-02 1.9721373365e+00
4.4500000000e+02 6.6592015776e-01 1.0178315004e+00 2.8801691624e+00
4.5000000000e+02 -6.3757299363e-01 6.9535200526e-01 3.4308556685e+00
4.5500000000e+02 -7.0895232408e-02 1.2460614204e+00 2.4984338896e+00
4.6000000000e+02 -3.8792192152e-01 1.6343199733e+00 3.2860218917e+00
4.6500000000e+02 3.6270929955e-01 5.5581786986e-01 3.3096548099e+00
4.7000000000e+02 1.2519479410e+00 1.0670878602e+00 3.4649317061e+00
4.7500000000e+02 2.1178326220e+00 9.4077469548e-01 3.3266486849e+00
4.8000000000e+02 1.3832094802e+00 5.0269561556e-02 4.5480186762e+00
4.8500000000e+02 1.9323797567e+00 -1.1732811584e-01 3.0692503345e+00
4.9000000000e+02 2.7691187442e+00 -3.6871053154e-01 2.2581468130e+00
4.9500000000e+02 2.1652735776e+00 -3.0480256632e-01 1.8292568022e+00
5.0000000000e+02 1.8021377314e+00 -1.2932629500e-01 2.6533530072e+00
5.0500000000e+02 3.6727239548e+00 1.6072622361e-01 2.8091986104e+00
5.1000000000e+02 2.8152081478e+00 -1.5960144890e-01 2.6994771447e+00
5.1500000000e+02 2.0055049600e+00 -7.5918493905e-02 2.9443813015e+00
5.2000000000e+02 2.0641384862e+00 -4.3156654638e-02 3.5368866210e+00
5.2500000000e+02 2.7492413692e+00 7.1538558342e-01 4.2429770837e+00
5.3000000000e+02 2.8961835860e+00 2.1307115611e+00 4.9712681561e+00
5.3500000000e+02 2.1039016209e+00 2.3317674283e+00 5.0298916158e+00
5.4000000000e+02 5.2080743531e-01 2.1171567632e+00 5.4701536562e+00
5.4500000000e+02 1.0871230137e+00 1.5284787531e+00 3.7903314079e+00
5.5000000000e+02 5.7271465153e-01 1.2079492405e+00 3.3226947778e+00
5.5500000000e+02 7.5992526469e-01 8.4747067406e-01 1.3222687204e+00
5.6000000000e+02 6.5300043944e-01 1.1877030991e+00 9.1833505398e-01
5.6500000000e+02 1.7731408615e+00 1.4735869898e-01 3.5511125353e-01
5.7000000000e+02 1.6115975267e+00 7.1156489909e-01 9.4922561849e-01
5.7500000000e+02 1.5340031593e+00 2.0086672434e+00 7.4490179469e-01
5.8000000000e+02 6.0937241188e-01 2.1748364400e+00 1.2402855505e+00
5.8500000000e+02 9.8636377897e-02 3.7356337031e+00 8.1805423103e-01
5.9000000000e+02 1.0111923776e+00 3.0272381054e+00 1.8509953589e+00
5.9500000000e+02 6.2744877901e-01 2.6183968695e+00 1.5099914999e+00
6.0000000000e+02 2.0634364008e+00 2.9234905516e+00 2.5133208142e+00
6.0500000000e+02 8.8107269310e-01 2.4056727233e+00 3.0506445453e+00
6.1000000000e+02 1.0021717823e+00 2.4559707871e+00 3.4913580788e+00
6.1500000000e+02 -1.7707339292e-01 2.3516656113e+00 3.1520870037e+00
6.2000000000e+02 1.8014886536e+00 1.7109160177e+00 2.2135419237e+00
6.2500000000e+02 1.5979412302e+00 2.5719381837e+00 2.7381568992e+00
6.3000000000e+02 1.6186675067e+00 2.2291769916e+00 2.1534438443e+00
6.3500000000e+02 1.9348185053e+00 2.7608771104e+00 2.4798112490e+00
6.4000000000e+02 9.2149683641e-01 2.5663143061e+00 2.2656599089e+00
6.4500000000e+02 5.1239271289e-01 1.8725330923e+00 2.6467040692e+00
6.5000000000e+02 1.5974467349e+00 1.8571007219e+00 1.2638838820e+00
6.5500000000e+02 8.6607801899e-01 1.8563487748e+00 3.8347086182e-01
6.6000000000e+02 -1.3245222061e+00 2.1709258742e+00 1.4403755392e+00
6.6500000000e+02 -5.7146409561e-01 2.3270034769e+00 1.4886754633e+00
6.7000000000e+02 1.1187977822e-01 1.3633420091e+00 2.1397054886e+00
6.7500000000e+02 4.4689977955e-01 6.4435199762e-01 1.4104131923e+00
6.8000000000e+02 4.1250027729e-01 1.7147862952e+00 1.6061924710e+00
6.8500000000e+02 1.4641288136e+00 1.2387641005e+00 1.8923714027e+00
6.9000000000e+02 1.3432007013e+00 1.2914072768e+00 1.1515670977e+00
6.9500000000e+02 2.4474046544e+00 1.2997678093e+00 8.8604890915e-01
7.0000000000e+02 1.5110023873e+00 1.1161606080e+00 1.6410744586e+00
7.0500000000e+02 1.6557479845e+00 2.0731193431e+00 1.4563685413e+00
7.1000000000e+02 2.9640109131e+00 1.8908663075e+00 1.0309047759e+00
7.1500000000e+02 2.5755321757e+00 3.1467760587e+00 1.0264552876e+00
7.2000000000e+02 2.2908015424e+00 2.4481882433e+00 1.2479744591e+00
7.2500000000e+02 1.8121655374e+00 3.2983668962e+00 2.4386849945e+00
7.3000000000e+02 1.5004943790e+00 2.5497378105e+00 3.0546252449e+00
7.3500000000e+02 2.2293349445e+00 2.8623152771e+00 2.4121464101e+00
7.4000000000e+02 1.8515347007e+00 2.7099646631e+00 2.1117353391e+00
7.4500000000e+02 2.1318031029e+00 2.7710822441e+00 1.5117545887e+00
7.5000000000e+02 1.9362359370e+00 2.6630229089e+00 1.4960871405e+00
7.5500000000e+02 1.7752863145e+00 2.8977618849e+00 1.3746406599e+00
7.6000000000e+02 1.6371722238e+00 2.4074545945e+00 2.2229443916e+00
7.6500000000e+02 1.3743312259e+00 3.1138254379e+00 2.1419050291e+00
7.7000000000e+02 8.3077720604e-01 3.2059018671e+00 1.4921592404e+00
7.7500000000e+02 1.6539099232e+00 2.3114761303e+00 9.4020560393e-01
7.8000000000e+02 1.5377444138e+00 2.5231805726e+00 1.6873749234e+00
7.8500000000e+02 1.0775309361e+00 3.2097893808e+00 2.1862657768e+00
7.9000000000e+02 6.3536721496e-01 2.9997469626e+00 1.3427735435e+00
7.9500000000e+02 1.1582163267e-02 3.1351682812e+00 1.9305145057e+00
8.0000000000e+02 8.4109362482e-01 3.3162599214e+00 1.4690246040e+00
8.0500000000e+02 7.7652542183e-01 2.5085453022e+00 1.4740814553e+00
8.1000000000e+02 1.0946140618e+00 2.5011325709e+00 1.9961019542e+00
8.1500000000e+02 1.0987137271e+00 2.8657385330e+00 1.8740942554e+00
8.2000000000e+02 1.3371280040e+00 3.1966038230e+00 1.5570051501e+00
8.2500000000e+02 8.3496217257e-01 4.2393469870e+00 1.5614243958e+00
8.3000000000e+02 2.8940639297e-01 3.1916239841e+00 1.3178822423e+00
8.3500000000e+02 3.8982182463e-01 2.6569798117e+00 9.3063366424e-01
8.4000000000e+02 4.6721332216e-01 3.2642644350e+00 1.9194341759e+00
8.4500000000e+02 6.2701983938e-01 4.0843100167e+00 2.6168398800e+00
8.5000000000e+02 1.2534052885e+00 3.6090300806e+00 1.7909637878e+00
8.5500000000e+02 1.4331985455e+00 1.7507068824e+00 1.9660214697e+00
8.6000000000e+02 -2.3999757722e-03 1.0668639958e+00 2.0926717802e+00
8.6500000000e+02 1.5797785545e-01 1.4834831280e+00 3.1370212106e+00
8.7000000000e+02 -2.0821948490e-01 1.1654599515e+00 2.7260904964e+00
8.7500000000e+02 1.8250985830e-01 7.3042476701e-01 1.9943692655e+00
8.8000000000e+02 2.2614324906e-01 1.1849266362e+00 2.4944014951e+00
8.8500000000e+02 -5.3546182206e-02 1.8190318592e+00 2.7408051756e+00
8.9000000000e+02 -3.2640561490e-01 2.7479922971e+00 3.7985073571e+00
8.9500000000e+02 1.9959977321e-01 1.6383496045e+00 2.7913946085e+00
9.0000000000e+02 3.0827171699e-01 1.8107461913e+00 2.5566118363e+00
9.0500000000e+02 5.4695580416e-01 1.2841209191e+00 3.1084897257e+00
9.1000000000e+02 8.2813958368e-01 2.4125918379e+00 2.4948010140e+00
9.1500000000e+02 4.9538813178e-01 3.0858260098e+00 1.7660750682e+00
9.2000000000e+02 7.5922156513e-01 3.3461961409e+00 1.9757629129e+00
9.2500000000e+02 7.6790743990e-01 2.7562920082e+00 2.2195832875e+00
9.3000000000e+02 7.4114083740e-01 2.3011521986e+00 2.0888444978e+00
9.3500000000e+02 3.2797896855e-01 2.2655666032e+00 1.0919459407e+00
9.4000000000e+02 5.8246379636e-01 1.3284654248e+00 1.6264985342e+00
9.4500000000e+02 1.2333442427e+00 1.3300668676e+00 2.7750374676e+00
9.5000000000e+02 1.1652663105e+00 1.2918115826e+00 2.8723242385e+00
9.5500000000e+02 9.7719163783e-01 7.0288091138e-01 2.9872076957e+00
9.6000000000e+02 7.7257308125e-01 3.8710865721e-01 2.0066967760e+00
9.6500000000e+02 5.5838328138e-01 -3.0053657853e-01 2.5329534813e+00
9.7000000000e+02 7.0821666392e-01 2.0159927336e-02 2.6832749269e+00
9.7500000000e+02 7.6321376916e-01 9.5215386936e-01 3.1186934225e+00
9.8000000000e+02 6.0266297538e-01 1.2328204178e+00 3.1537396534e+00
9.8500000000e+02 1.6329112269e+00 1.3204571833e+00 2.7126314684e+00
9.9000000000e+02 1.4944286320e+00 1.6576476910e+00 2.9479121085e+00
9.9500000000e+02 1.5294841479e+00 1.2537820569e+00 3.8823243964e+00
1.0000000000e+03 1.5000984197e+00 1.7862991002e+00 3.2891108109e+00
