5.0000000000e+00 -4.8692986359e-01 -2.3579448132e-01 -2.0883562932e+00
1.0000000000e+01 -4.5362848701e-01 -2.2243585392e-01 8.5609312426e-01
1.5000000000e+01 1.2100992736e+00 -5.7787384004e-01 9.7176038530e-01
2.0000000000e+01 2.9724155501e-01 9.2249693731e-02 -1.1939391047e+00
2.5000000000e+01 3.0141177289e-01 -1.5069047332e-01 -8.6647024829e-01
3.0000000000e+01 1.0242747607e-01 1.6766167644e+00 7.0646127194e-03
3.5000000000e+01 1.7920878267e+00 1.8546617465e+00 -9.6307251859e-04
4.0000000000e+01 1.4585538532e-01 1.7126025340e+00 1.1945336677e+00
4.5000000000e+01 8.1005608950e-01 2.6846958803e+00 8.7121109937e-01
5.0000000000e+01 7.6530001730e-01 3.8699528052e+00 6.5480217618e-01
5.5000000000e+01 1.2479291870e+00 3.9970326704e+00 2.7572804006e-01
6.0000000000e+01 6.6454674206e-01 1.9480229932e+00 -6.3585214369e-01
6.5000000000e+01 1.2469525601e-01 1.6925553314e+00 -4.2982245662e-01
7.0000000000e+01 -1.7843536254e+00 1.9859629749e+00 -1.3033980321e+00
7.5000000000e+01 -7.6001262796e-01 2.3685203831e+00 3.5342042570e-01
8.0000000000e+01 5.1914395537e-01 1.8232093508e+00 1.4968578944e+00
8.5000000000e+01 1.3189199158e+00 3.1127312098e+00 2.2156379423e+00
9.0000000000e+01 4.4698085168e-01 2.8175495641e+00 3.1538209647e+00
9.5000000000e+01 1.2381446015e+00 2.2714314119e+00 4.5152572947e+00
1.0000000000e+02 1.2736610351e+00 1.7010204265e+00 3.6903269325e+00
1.0500000000e+02 9.3984491611e-01 9.6391687224e-02 3.3521190519e+00
1.1000000000e+02 1.6408033146e+00 -3.0886603558e-01 2.4680949923e+00
1.1500000000e+02 2.0313129208e+00 1.6673061380e+00 3.2172968593e+00
1.2000000000e+02 1.5561390593e+00 2.4928730055e+00 3.2625089257e+00
1.2500000000e+02 -1.0384655841e+00 2.8357118254e+00 4.8189622209e+00
1.3000000000e+02 -1.0309825168e+00 3.0851386845e+00 3.2652139041e+00
1.3500000000e+02 1.3078135732e+00 4.4853421257e+00 1.7155185767e+00
1.4000000000e+02 1.0645996661e+00 3.6039045435e+00 4.2461627024e+00
1.4500000000e+02 7.9839137176e-01 2.5958567142e+00 2.5825032635e+00
1.5000000000e+02 1.6995976110e+00 2.3978267488e+00 4.5305084914e+00
1.5500000000e+02 3.6033212403e+00 2.9172991556e+00 2.5234427138e+00
1.6000000000e+02 3.6344450007e+00 4.7208651364e+00 1.5455711712e+00
1.6500000000e+02 2.6021898092e+00 4.2727530423e+00 2.5631325255e-01
1.7000000000e+02 2.5995501977e+00 5.2094388283e+00 9.7546687141e-01
1.7500000000e+02 2.1974326514e+00 4.5331170041e+00 1.5247126913e+00
1.8000000000e+02 1.3375604373e+00 4.5855873794e+00 2.6682167940e+00
1.8500000000e+02 2.5626967313e+00 4.4207928323e+00 4.2694798186e+00
1.9000000000e+02 3.3451833866e+00 3.8907647457e+00 2.5607128076e+00
1.9500000000e+02 5.8490126389e+00 2.5785325653e+00 3.1274411540e+00
2.0000000000e+02 5.2304453042e+00 2.0523139893e+00 3.5795998258e+00
2.0500000000e+02 5.3949771385e+00 2.4639062767e+00 5.5562279035e+00
2.1000000000e+02 4.6847404107e+00 3.9310794044e+00 4.7045674507e+00
2.1500000000e+02 3.8370806876e+00 5.1725932491e+00 5.0394012823e+00
2.2000000000e+02 3.1973215464e+00 2.9772697866e+00 4.7336787267e+00
2.2500000000e+02 3.2621491459e+00 2.9505967066e+00 4.5307134185e+00
2.3000000000e+02 1.9491558157e+00 3.1071366174e+00 2.7085505225e+00
2.3500000000e+02 2.1993283839e+00 2.6327550729e+00 1.7586699687e+00
2.4000000000e+02 1.4465001783e+00 3.3471466412e+00 1.8249908607e+00
2.4500000000e+02 1.8233422755e+00 3.4315587478e+00 3.9557479063e+00
2.5000000000e+02 1.4268259681e+00 4.9358724035e+00 4.0330459593e+00
2.5500000000e+02 3.2646487021e+00 4.3832921595e+00 3.1708353560e+00
2.6000000000e+02 3.8617543871e+00 3.8112736681e+00 4.0823078524e+00
2.6500000000e+02 4.0452828430e+00 4.2961225701e+00 5.0617599027e+00
2.7000000000e+02 4.5516856990e+00 3.1905370281e+00 3.0934506150e+00
2.7500000000e+02 4.9046602857e+00 4.1624383671e+00 2.1703324852e+00
2.8000000000e+02 4.6617561190e+00 5.4962147155e+00 2.7306944869e+00
2.8500000000e+02 3.0218779864e+00 6.2211275636e+00 3.8643560913e+00
2.9000000000e+02 2.9616881189e+00 5.0504286956e+00 3.0561269671e+00
2.9500000000e+02 3.5791733443e+00 4.5339056616e+00 2.9872884593e+00
3.0000000000e+02 2.4178801546e+00 4.9833705007e+00 2.1703808327e+00
3.0500000000e+02 1.7174676323e+00 2.9202207997e+00 3.1264264537e+00
3.1000000000e+02 1.8205318303e+00 3.0807158609e+00 3.2295666015e+00
3.1500000000e+02 1.4025867947e+00 2.0186975817e+00 2.3528789564e+00
3.2000000000e+02 1.6623330471e+00 3.1352603887e+00 2.0098714578e+00
3.2500000000e+02 2.8920847785e+00 4.1747513184e+00 4.0358656444e+00
3.3000000000e+02 2.8534213838e+00 3.4724396588e+00 3.6233966855e+00
3.3500000000e+02 3.2555678784e+00 3.7351214878e+00 3.0034169881e+00
3.4000000000e+02 2.1660538451e+00 3.5574497699e+00 2.0635984743e+00
3.4500000000e+02 -3.7106814826e-01 3.8792994993e+00 1.5066972628e+00
3.5000000000e+02 -1.7117029820e+00 3.5951665012e+00 3.0240620610e+00
3.5500000000e+02 3.2807603939e-01 2.6340778513e+00 2.3847868081e+00
3.6000000000e+02 2.3129291015e+00 1.6993233148e+00 1.3578603078e+00
3.6500000000e+02 2.5677784526e+00 2.6810524666e-01 2.2315608709e+00
3.7000000000e+02 3.3083834538e+00 1.0638503102e+00 2.7086136586e+00
3.7500000000e+02 3.7720130318e+00 2.3381482312e+00 1.5288657042e+00
3.8000000000e+02 3.6488472506e+00 4.0620564490e-01 1.5658597731e+00
3.8500000000e+02 3.7264213955e+00 5.7637067106e-01 5.0401502314e-01
3.9000000000e+02 2.1821356003e+00 5.7028058570e-01 9.1586629823e-01
3.9500000000e+02 2.5051226335e+00 1.4758808243e+00 2.4507243715e+00
4.0000000000e+02 1.9524236523e+00 1.2327172554e+00 2.9459075941e+00
4.0500000000e+02 1.9939190060e+00 3.6033467837e-01 2.6321606959e+00
4.1000000000e+02 3.4703006997e+00 3.6285275498e-01 3.7291824201e+00
4.1500000000e+02 3.6383497079e+00 1.3493457809e+00 3.4418714156e+00
4.2000000000e+02 3.6158713293e+00 1.2302026131e+00 3.7634201974e+00
4.2500000000e+02 3.8599168589e+00 1.9598197166e+00 1.7816289572e+00
4.3000000000e+02 3.9859204375e+00 9.4624834597e-01 -7.4780316710e-02
4.3500000000e+02 2.9835201648e+00 2.0501677290e+00 3.0261045742e-01
4.4000000000e+02 2.2635913507e+00 1.6941300139e+00 9.9995915611e-01
4.4500000000e+02 2.2978987240e+00 1.2420855726e+00 1.9807703081e+00
4.5000000000e+02 1.8358656082e+00 2.2015045350e+00 2.7580559117e+00
4.5500000000e+02 1.5130770646e+00 1.8637852598e+00 1.7439814108e+00
4.6000000000e+02 2.5970155363e+00 8.8374100366e-01 2.5930194451e+00
4.6500000000e+02 2.2412396852e+00 2.2047031347e+00 2.6299164430e+00
4.7000000000e+02 1.5169662824e+00 1.5439958049e+00 3.4003730177e+00
4.7500000000e+02 1.5872198360e+00 2.0275293522e+00 2.5135933762e+00
4.8000000000e+02 5.5862650681e-01 2.9951693557e+00 2.8721487763e+00
4.8500000000e+02 8.3296794020e-01 1.7783367996e+00 3.3941794600e+00
4.9000000000e+02 2.0220878531e+00 1.5344113638e+00 4.3874228436e+00
4.9500000000e+02 2.8519852936e+00 1.6441402074e+00 2.4861406338e+00
5.0000000000e+02 3.0837961253e+00 1.2491159729e+00 1.9906451020e+00
5.0500000000e+02 2.5316196484e+00 7.2550732323e-01 8.8910932253e-01
5.1000000000e+02 2.7268616493e+00 2.5646427158e-01 6.0434051959e-01
5.1500000000e+02 2.6380671778e+00 9.6437883471e-01 8.1428531894e-01
5.2000000000e+02 3.3644466163e+00 1.0851810926e+00 1.1889497579e+00
5.2500000000e+02 2.2132872538e+00 7.2674517192e-01 2.3558435000e+00
5.3000000000e+02 2.3389979300e+00 7.9892467573e-01 1.8256828944e+00
5.3500000000e+02 2.1910636536e+00 1.6484107372e+00 1.6777315015e+00
5.4000000000e+02 2.9301427490e+00 1.9560278521e+00 1.6727256124e+00
5.4500000000e+02 2.8356359940e+00 1.3122466772e+00 1.0422375957e+00
5.5000000000e+02 3.3609660230e+00 8.0531246910e-01 1.9699795662e+00
5.5500000000e+02 2.8894848415e+00 -5.4947179297e-02 2.0289129941e+00
5.6000000000e+02 2.5577381307e+00 -3.9141233391e-01 1.4116056639e+00
5.6500000000e+02 1.2097070108e+00 -1.0587084662e+00 1.6107043451e+00
5.7000000000e+02 1.7477422236e+00 3.7695414645e-01 1.0399159288e+00
5.7500000000e+02 1.7440106118e+00 1.4525710785e+00 1.7523570977e+00
5.8000000000e+02 1.9052326065e+00 2.4582624048e+00 2.2676665977e+00
5.8500000000e+02 2.8358760482e+00 2.3791961160e+00 1.0357554586e+00
5.9000000000e+02 2.9731444599e+00 3.2439754037e+00 4.9776666657e-01
5.9500000000e+02 3.2521221930e+00 1.8540636986e+00 8.1455848507e-01
6.0000000000e+02 2.2440049017e+00 1.7818964386e+00 5.5020772585e-01
6.0500000000e+02 2.9258323275e+00 2.0804480827e+00 7.3934135435e-01
6.1000000000e+02 3.0105823689e+00 2.3885187473e+00 1.2027045307e+00
6.1500000000e+02 2.3526108581e+00 2.7663071927e+00 1.9064102876e+00
6.2000000000e+02 1.8118783385e+00 1.4946559660e+00 8.9298497706e-01
6.2500000000e+02 1.2211268297e+00 2.7042710475e+00 1.4999005495e+00
6.3000000000e+02 4.0534134555e-01 2.2259646806e+00 2.0499378013e+00
6.3500000000e+02 -8.5905902460e-01 2.7594765660e+00 1.2287582784e+00
6.4000000000e+02 -1.0273424565e-01 1.7330031051e+00 2.1702043053e+00
6.4500000000e+02 1.5614832700e+00 1.1192062324e+00 2.0558221215e+00
6.5000000000e+02 1.8510286941e+00 -4.1622714850e-03 1.7174745078e+00
6.5500000000e+02 1.6380740045e+00 5.9780944147e-01 1.3372280407e+00
6.6000000000e+02 2.0949759619e+00 1.2270842287e+00 1.3971734071e+00
6.6500000000e+02 2.3523290691e+00 1.3473214081e+00 1.7497521933e+00
6.7000000000e+02 2.6750675121e+00 1.0792009008e+00 2.5505035340e+00
6.7500000000e+02 2.2468779882e+00 8.2913243559e-01 3.1350772477e+00
6.8000000000e+02 2.8588631229e+00 1.1346566671e+00 3.2904048383e+00
6.8500000000e+02 2.6864669349e+00 9.0208260971e-01 3.4847405246e+00
6.9000000000e+02 3.0655722666e+00 9.0926987067e-01 3.3122551279e+00
6.9500000000e+02 2.9829711999e+00 1.1790213744e+00 3.8964400708e+00
7.0000000000e+02 4.3457592574e+00 2.2889364735e+00 3.5901943514e+00
7.0500000000e+02 4.3814055236e+00 1.0064844161e+00 1.8000666727e+00
7.1000000000e+02 3.9527390589e+00 1.8749264386e+00 2.8419588561e+00
7.1500000000e+02 3.7780259515e+00 2.2157484987e+00 3.5747555935e+00
7.2000000000e+02 2.5226077070e+00 2.1676941549e+00 2.8698124598e+00
7.2500000000e+02 3.2125338455e+00 1.5624854451e+00 2.9789396055e+00
7.3000000000e+02 3.1777887592e+00 1.2863630199e+00 2.2845252066e+00
7.3500000000e+02 2.9628983205e+00 1.7745706076e+00 2.2371816802e+00
7.4000000000e+02 2.5605165237e+00 1.4452576956e+00 8.9462816071e-01
7.4500000000e+02 2.0392780602e+00 2.5867762353e+00 1.7193538153e+00
7.5000000000e+02 2.5516190427e+00 2.9207057733e+00 1.4798220206e+00
7.5500000000e+02 2.0868038516e+00 2.4684580172e+00 1.1882898898e+00
7.6000000000e+02 1.6675218083e+00 1.8979817588e+00 1.2954707707e+00
7.6500000000e+02 1.5149582554e+00 9.9104360065e-01 4.5361690104e-01
7.7000000000e+02 9.8024643842e-01 1.4358587121e+00 3.6904618571e-01
7.7500000000e+02 1.1750986571e+00 2.2912397440e+00 8.5075060538e-01
7.8000000000e+02 1.7282856855e+00 3.2369537286e+00 1.5783613350e+00
7.8500000000e+02 2.2491370177e+00 3.3532862240e+00 1.3746328804e+00
7.9000000000e+02 2.4181128440e+00 2.9779429076e+00 1.1563965354e+00
7.9500000000e+02 2.7559706889e+00 1.8820306191e+00 1.9732922198e+00
8.0000000000e+02 2.1841511519e+00 2.2444148238e+00 3.1059796381e+00
8.0500000000e+02 2.5582918422e+00 2.5488689736e+00 3.7611699964e+00
8.1000000000e+02 2.3317542321e+00 2.7321710463e+00 2.7702364178e+00
8.1500000000e+02 3.3428449329e+00 2.1924362718e+00 3.1137009406e+00
8.2000000000e+02 3.8798842712e+00 2.7439610464e+00 2.7572413332e+00
8.2500000000e+02 2.8463309013e+00 1.9476664709e+00 2.4023909825e+00
8.3000000000e+02 2.2861247736e+00 1.6408955670e+00 2.0402888071e+00
8.3500000000e+02 1.4180585592e+00 1.7372234627e+00 9.1410616937e-01
8.4000000000e+02 7.9589135572e-01 1.5651900398e+00 2.1768161548e+00
8.4500000000e+02 1.2535464681e+00 1.0211737318e+00 2.3479900370e+00
8.5000000000e+02 9.3041312426e-01 6.7387621052e-01 1.9300644518e+00
8.5500000000e+02 2.0540915031e+00 1.2964583610e+00 2.5093772195e+00
8.6000000000e+02 2.4308653333e+00 1.6531366635e+00 3.2328098932e+00
8.6500000000e+02 1.6276594261e+00 1.2135784903e+00 3.0231861154e+00
8.7000000000e+02 1.7249286345e+00 1.5466324699e+00 2.9779755536e+00
8.7500000000e+02 1.1625397613e+00 2.0596264845e+00 2.4365553486e+00
8.8000000000e+02 1.5138104169e+00 1.5737710038e+00 1.7179095760e+00
8.8500000000e+02 1.9863760371e+00 1.2809537210e+00 2.0885389682e+00
8.9000000000e+02 1.8574427285e+00 1.3231992753e+00 2.6296615014e+00
8.9500000000e+02 2.3390703131e+00 1.0855327724e+00 2.7139382381e+00
9.0000000000e+02 2.4628338631e+00 1.5356264620e+00 1.8372279168e+00
9.0500000000e+02 1.5776635565e+00 1.7619166782e+00 1.6693279363e+00
9.1000000000e+02 2.6357149945e+00 1.7092707372e+00 2.0206074676e+00
9.1500000000e+02 1.6981268851e+00 2.4770129947e+00 2.3048163222e+00
9.2000000000e+02 1.5179567416e+00 3.0846269986e+00 1.6421805994e+00
9.2500000000e+02 1.8474820908e+00 3.5882292609e+00 1.9379451525e+00
9.3000000000e+02 1.2882431257e+00 4.4186685205e+00 2.0684098286e+00
9.3500000000e+02 1.3143245859e+00 4.6478941045e+00 2.5837130202e+00
9.4000000000e+02 1.7552067367e+00 3.5241929815e+00 2.9107343377e+00
9.4500000000e+02 1.4533163094e+00 3.0758862966e+00 1.6208342298e+00
9.5000000000e+02 1.8008111777e+00 1.3834498551e+00 1.5621145751e+00
9.5500000000e+02 1.7582416937e+00 1.6212451404e+00 1.5186300356e+00
9.6000000000e+02 1.5883455606e+00 6.4298755825e-01 1.6674783659e+00
9.6500000000e+02 1.0167167904e+00 1.6544043739e+00 1.0282241957e+00
9.7000000000e+02 7.9591704240e-01 1.6650732702e+00 2.4910142739e+00
9.7500000000e+02 5.9414283535e-01 2.1390706499e+00 3.0249969039e+00
9.8000000000e+02 -3.9495877678e-01 2.0505542115e+00 3.2622236682e+00
9.8500000000e+02 7.4137670907e-01 2.1619091151e+00 3.8955241232e+00
9.9000000000e+02 1.2028774149e+00 2.3655101972e+00 3.8671159669e+00
9.9500000000e+02 1.1978509289e+00 2.2726180048e+00 4.1373846229e+00
1.0000000000e+03 1.4774647274e+00 1.9759968593e+00 3.2199521396e+00
