5.0000000000e+00 1.9265756435e+00 4.3233557741e-01 2.9173885104e+00
1.0000000000e+01 1.0887569379e+00 6.7146253173e-01 3.3184054017e+00
1.5000000000e+01 -4.8835116768e-01 -2.0713990529e-01 2.2015024413e+00
2.0000000000e+01 1.4758979617e+00 2.4305191869e-01 3.9340750401e-01
2.5000000000e+01 2.1491612360e+00 -3.5190592562e+00 1.5006842109e+00
3.0000000000e+01 3.3187999088e+00 -3.6670965950e+00 1.0020960042e-02
3.5000000000e+01 2.9768725905e+00 -1.0355261842e+00 -6.4461563100e-01
4.0000000000e+01 1.4800962874e+00 2.4334366309e-01 -2.8453545077e-01
4.5000000000e+01 1.8000062596e+00 9.4804158374e-01 1.2626645870e-01
5.0000000000e+01 2.4437525602e+00 6.7608016715e-01 -1.6380528001e-01
5.5000000000e+01 2.0652959581e+00 4.6325803039e-01 -3.5706844707e-01
6.0000000000e+01 9.3460023160e-01 5.0818233746e-01 6.8240549545e-01
6.5000000000e+01 -6.5026729605e-01 1.8184441651e+00 3.0428939358e+00
7.0000000000e+01 1.4336877323e+00 2.2052080095e+00 1.5436654123e+00
7.5000000000e+01 2.1182189980e+00 2.9892894685e+00 2.6822340720e+00
8.0000000000e+01 4.3349861875e+00 2.3296142028e+00 1.8285698051e+00
8.5000000000e+01 2.6714210061e+00 3.7728515477e+00 1.0522586883e+00
9.0000000000e+01 4.1115965832e+00 3.8322751634e+00 2.6383890920e+00
9.5000000000e+01 6.2540903261e+00 1.8587354484e+00 3.8087917370e+00
1.0000000000e+02 4.2266829137e+00 3.9999555071e+00 3.5129785461e+00
1.0500000000e+02 3.8521338340e+00 1.7176393762e+00 1.8905916092e+00
1.1000000000e+02 3.2816267599e+00 2.1853877054e+00 2.9280810281e+00
1.1500000000e+02 1.4969343909e+00 2.8644392983e+00 2.1895166238e+00
1.2000000000e+02 2.1602855326e+00 2.7780611077e+00 2.1687987121e+00
1.2500000000e+02 2.2697810437e+00 3.5671040747e+00 3.7316684204e+00
1.3000000000e+02 2.2748488112e+00 3.2769117336e+00 3.6356644028e+00
1.3500000000e+02 2.7615157877e+00 3.2607135049e+00 1.4580120404e+00
1.4000000000e+02 2.4977292545e+00 2.0378458996e+00 -1.0288454022e+00
1.4500000000e+02 4.1709440764e-01 2.0710774914e+00 4.3690060637e-01
1.5000000000e+02 1.5745323250e+00 2.1746851987e+00 -3.3524721896e-02
1.5500000000e+02 2.9013681441e+00 2.6717547254e+00 2.3450873828e+00
1.6000000000e+02 4.8533370240e+00 4.1162997813e+00 1.1039609375e+00
1.6500000000e+02 3.6888143967e+00 4.7921320547e+00 2.8876689858e+00
1.7000000000e+02 3.6897691586e+00 4.6002425206e+00 2.0913660025e+00
1.7500000000e+02 2.5739974777e+00 4.4783775349e+00 4.1355915111e+00
1.8000000000e+02 2.5774037214e+00 4.1093136181e+00 5.5683048501e+00
1.8500000000e+02 3.5399059974e+00 3.3705816853e+00 4.4498933156e+00
1.9000000000e+02 3.1485655488e+00 2.7452845337e+00 4.1234459009e+00
1.9500000000e+02 4.0393563472e+00 3.6964088734e+00 3.2872346120e+00
2.0000000000e+02 3.1290431363e+00 2.8974304449e+00 4.2565733431e+00
2.0500000000e+02 2.4819290731e+00 2.4576379310e+00 4.6013121726e+00
2.1000000000e+02 3.3859502801e+00 3.0258967303e+00 1.5746371685e+00
2.1500000000e+02 2.9009065330e+00 4.3768292855e+00 6.5090657838e-01
2.2000000000e+02 2.2713844436e+00 2.1269889442e+00 1.6699921167e+00
2.2500000000e+02 2.6476802289e+00 3.5187305891e+00 2.1982070058e+00
2.3000000000e+02 3.0643035295e+00 3.8711252976e+00 1.8498029421e+00
2.3500000000e+02 3.3702171591e+00 3.6986512455e+00 1.8284347248e+00
2.4000000000e+02 3.5683070873e+00 4.5976963898e+00 3.6300272474e+00
2.4500000000e+02 4.9297879105e+00 4.1417419224e+00 2.4083132419e+00
2.5000000000e+02 6.4492505718e+00 3.6389935054e+00 2.3257733435e+00
2.5500000000e+02 6.5169116762e+00 3.4783019425e+00 3.0216120853e+00
2.6000000000e+02 4.5362871886e+00 4.8186743660e+00 3.1295170880e+00
2.6500000000e+02 3.6929074730e+00 4.2704505063e+00 4.1434871742e+00
2.7000000000e+02 2.5773168025e+00 3.6818811309e+00 2.2213728922e+00
2.7500000000e+02 4.8505793358e+00 3.8931926154e+00 3.4811816177e+00
2.8000000000e+02 5.0077194505e+00 3.1670505252e+00 1.9524947554e+00
2.8500000000e+02 4.4498528629e+00 2.5600547700e+00 3.2549034482e+00
2.9000000000e+02 4.1915174638e+00 2.7705905180e+00 4.0058904427e+00
2.9500000000e+02 3.0530135000e+00 2.2969871514e+00 3.5215357004e+00
3.0000000000e+02 3.5398452789e+00 2.2519811465e+00 3.2356559110e+00
3.0500000000e+02 2.7594253303e+00 1.4332182457e+00 3.2238576396e+00
3.1000000000e+02 2.6724030871e+00 1.4200615641e+00 4.3355418938e+00
3.1500000000e+02 3.3068617305e+00 2.0205458974e+00 4.4822142450e+00
3.2000000000e+02 2.1777153557e+00 1.7593672369e+00 4.3621911637e+00
3.2500000000e+02 1.5743431545e-01 2.6896805593e+00 3.2669514314e+00
3.3000000000e+02 1.9453563601e+00 3.7124775187e+00 2.4697449720e+00
3.3500000000e+02 4.2031545569e+00 3.2367275218e+00 3.3008787911e+00
3.4000000000e+02 5.1166020360e+00 2.2063361484e+00 2.3365203449e+00
3.4500000000e+02 5.0583313724e+00 9.3936387731e-01 3.0417601671e+00
3.5000000000e+02 3.9678991618e+00 1.0762427006e+00 2.9873039054e+00
3.5500000000e+02 2.7207800294e+00 1.8513517124e+00 3.7653425589e+00
3.6000000000e+02 1.9006333862e+00 1.8006401271e+00 3.5146082512e+00
3.6500000000e+02 2.7727121161e+00 2.5948386367e+00 3.4063339469e+00
3.7000000000e+02 3.6039697940e+00 1.9695935157e+00 2.9704359943e+00
3.7500000000e+02 1.1243159811e+00 2.3220407160e+00 1.6221867338e+00
3.8000000000e+02 1.7957916498e+00 2.4601793716e+00 2.3681416878e+00
3.8500000000e+02 2.4199935263e+00 2.2097564305e+00 2.3186571292e+00
3.9000000000e+02 4.1183371540e+00 2.8510851338e+00 2.0539146182e+00
3.9500000000e+02 4.2010536235e+00 2.2982086384e+00 8.9628465724e-01
4.0000000000e+02 4.0584400231e+00 2.0661581691e+00 1.0955115656e+00
4.0500000000e+02 2.8114166528e+00 2.1956773030e+00 1.0415144237e+00
4.1000000000e+02 3.2039953833e+00 3.7298005512e+00 6.9502804644e-01
4.1500000000e+02 2.1289314261e+00 2.6468302165e+00 2.4264424217e+00
4.2000000000e+02 2.9789713372e+00 1.9422648377e+00 2.5664083833e+00
4.2500000000e+02 3.1552634040e+00 3.7221294324e+00 4.1024275250e+00
4.3000000000e+02 2.6333570126e+00 3.9499579031e+00 4.7302598944e+00
4.3500000000e+02 2.0996248455e+00 2.7623140889e+00 2.7938555233e+00
4.4000000000e+02 3.3037541572e+00 1.9802770410e+00 1.1449179805e+00
4.4500000000e+02 2.3059209794e+00 2.9317542454e+00 2.2806048908e+00
4.5000000000e+02 1.7606580883e+00 2.7220988735e+00 1.7547012903e+00
4.5500000000e+02 8.6917915016e-01 2.6209588176e+00 2.3520959820e+00
4.6000000000e+02 1.8110028562e+00 4.1144411123e+00 1.7206275025e+00
4.6500000000e+02 2.8224270789e+00 4.1460688785e+00 5.9429097778e-01
4.7000000000e+02 2.5131114286e+00 3.0599097241e+00 1.9883168854e+00
4.7500000000e+02 1.7573313672e+00 3.4401880483e+00 1.6869206547e+00
4.8000000000e+02 1.7639279077e+00 2.9104614778e+00 1.3152789326e+00
4.8500000000e+02 2.3731514130e+00 2.7932259806e+00 1.3395372197e+00
4.9000000000e+02 2.3946528884e+00 2.0159122674e+00 1.0036126760e+00
4.9500000000e+02 3.6176158864e+00 1.9626072257e+00 1.3036157140e+00
5.0000000000e+02 1.3089135555e+00 2.6590804185e+00 1.7123529466e+00
5.0500000000e+02 1.2994689999e+00 3.6794721413e+00 1.6941525742e+00
5.1000000000e+02 1.5337440658e+00 2.4155285029e+00 1.9080525022e+00
5.1500000000e+02 1.0332836201e+00 1.8737785130e+00 2.7942577251e+00
5.2000000000e+02 7.5445278462e-01 2.8887015342e+00 1.5001652452e+00
5.2500000000e+02 1.1835461452e+00 1.4036911223e+00 5.6402440227e-01
5.3000000000e+02 1.5896364808e+00 2.2376198895e+00 5.1741282100e-01
5.3500000000e+02 3.0692572415e+00 1.6708934509e+00 5.6596177904e-01
5.4000000000e+02 4.2329579660e+00 1.7726286745e+00 1.1719089436e+00
5.4500000000e+02 3.6297080463e+00 1.4352472213e+00 8.3760680294e-02
5.5000000000e+02 3.9181458016e+00 2.6192558755e+00 8.3200687617e-01
5.5500000000e+02 3.6290978653e+00 2.5316476086e+00 1.3328768732e+00
5.6000000000e+02 2.8259210213e+00 3.0594616013e+00 5.3657198313e-01
5.6500000000e+02 2.2593544320e+00 3.3936511620e+00 2.6303676141e-01
5.7000000000e+02 2.0917440309e+00 4.2572793546e+00 4.4855371277e-01
5.7500000000e+02 1.4784799008e+00 3.5678498559e+00 7.0093434103e-01
5.8000000000e+02 2.5397613176e+00 3.5705757058e+00 1.0345331330e+00
5.8500000000e+02 1.5899031370e+00 3.7891681630e+00 2.0045911339e+00
5.9000000000e+02 8.2222414693e-01 3.2618202897e+00 1.5524481155e+00
5.9500000000e+02 1.0886505169e+00 3.0090110906e+00 1.3366366469e+00
6.0000000000e+02 1.9996241497e+00 3.1588703089e+00 5.6185114328e-01
6.0500000000e+02 3.5425292208e+00 3.8478249517e+00 6.7745582518e-01
6.1000000000e+02 3.5936301545e+00 3.8667481165e+00 1.2514656049e+00
6.1500000000e+02 3.0172164875e+00 3.3650378974e+00 1.4822408438e+00
6.2000000000e+02 3.2292056076e+00 3.3880395257e+00 1.3359721494e+00
6.2500000000e+02 2.8952732911e+00 3.9054423414e+00 2.1819409979e+00
6.3000000000e+02 3.3985303285e+00 4.1066656448e+00 1.2122836233e+00
6.3500000000e+02 4.3867769339e+00 3.9123595539e+00 8.5583740626e-01
6.4000000000e+02 3.3434484343e+00 3.2349345111e+00 1.8074331316e+00
6.4500000000e+02 4.0195372599e+00 1.7113800094e+00 1.2699375614e+00
6.5000000000e+02 3.9767491624e+00 2.4078287326e+00 2.5561447667e+00
6.5500000000e+02 3.7374289986e+00 3.7393521416e+00 1.7214799388e+00
6.6000000000e+02 3.7878833269e+00 2.9762982630e+00 1.9117391012e+00
6.6500000000e+02 2.8049706127e+00 2.4366253592e+00 3.3452551606e+00
6.7000000000e+02 2.8854467412e+00 2.5601840791e+00 2.3122963788e+00
6.7500000000e+02 2.0875015525e+00 2.9743341437e+00 1.5896538620e+00
6.8000000000e+02 2.3355788261e+00 3.2429982765e+00 2.0666032080e+00
6.8500000000e+02 2.3307368071e+00 2.3713542393e+00 2.3370165641e+00
6.9000000000e+02 3.0158760808e+00 2.8016929982e+00 1.1981495920e+00
6.9500000000e+02 2.7405353611e+00 2.8939919831e+00 2.9183010201e-01
7.0000000000e+02 2.7179958384e+00 3.4337333341e+00 5.8885735555e-01
7.0500000000e+02 1.9214856671e+00 2.8583941567e+00 9.6636177837e-01
7.1000000000e+02 3.3048695524e+00 2.8445178489e+00 7.1726916104e-01
7.1500000000e+02 3.6773762993e+00 3.3306260707e+00 5.8519073458e-01
7.2000000000e+02 4.1098829026e+00 3.8981058864e+00 6.4264883956e-01
7.2500000000e+02 4.3675610358e+00 4.0920933662e+00 6.2199395619e-01
7.3000000000e+02 2.8630909967e+00 4.5843876498e+00 2.6984906082e-01
7.3500000000e+02 2.5321036795e+00 3.6351503469e+00 6.6658511581e-02
7.4000000000e+02 2.8287284431e+00 3.7648735439e+00 -6.3750679834e-01
7.4500000000e+02 3.1846746056e+00 4.0361498613e+00 6.8531267307e-01
7.5000000000e+02 3.0963712888e+00 4.1379391711e+00 1.1467122852e+00
7.5500000000e+02 3.5806211593e+00 2.3844449142e+00 6.6388707678e-02
7.6000000000e+02 3.7186727139e+00 1.7457725339e+00 1.0796224981e+00
7.6500000000e+02 2.5953662812e+00 2.4709739210e+00 7.0912373497e-01
7.7000000000e+02 2.2219165702e+00 2.4127641649e+00 7.0876660529e-01
7.7500000000e+02 1.7276788950e+00 2.4932364633e+00 6.4794477075e-01
7.8000000000e+02 1.8758700583e+00 1.7716089301e+00 -2.8936107201e-01
7.8500000000e+02 1.3957276643e+00 1.1639772421e+00 9.4870145395e-01
7.9000000000e+02 1.6504299039e+00 1.3898675860e+00 2.0555335876e+00
7.9500000000e+02 8.4462770966e-01 9.0284660780e-01 2.4120588546e+00
8.0000000000e+02 1.9294624357e+00 1.0699986686e+00 1.7812493420e+00
8.0500000000e+02 1.9314823591e+00 3.5995554129e-02 1.9825288571e+00
8.1000000000e+02 1.7026413563e+00 -9.2168232037e-02 1.6449865836e+00
8.1500000000e+02 2.7012062786e+00 -6.2288467226e-01 2.0042031771e+00
8.2000000000e+02 2.7712702672e+00 6.8768674328e-01 2.3688114816e+00
8.2500000000e+02 2.7138419512e+00 7.0112777974e-01 2.2845543773e+00
8.3000000000e+02 2.4025279450e+00 2.2949882409e-01 2.9159786520e+00
8.3500000000e+02 1.4746170633e+00 -2.4450920869e-02 3.7099148705e+00
8.4000000000e+02 2.4651522271e+00 2.0923335204e-01 3.2024453288e+00
8.4500000000e+02 1.8493090528e+00 8.1340759176e-01 3.4494383337e+00
8.5000000000e+02 2.2655169594e+00 8.8817020833e-01 2.4843404943e+00
8.5500000000e+02 1.7767244124e+00 1.3537888243e+00 1.2696250150e+00
8.6000000000e+02 2.1841725648e+00 1.5181300075e+00 6.4968681129e-01
8.6500000000e+02 2.0909786817e+00 1.3789234769e+00 4.3586100908e-01
8.7000000000e+02 2.2202866159e+00 7.6325905982e-01 1.7720362692e-01
8.7500000000e+02 2.1531508554e+00 4.7855731260e-01 -2.7001920137e-01
8.8000000000e+02 1.9191401955e+00 8.5297240829e-01 5.0316342826e-01
8.8500000000e+02 1.1962908167e+00 4.6267883721e-01 4.2492309005e-01
8.9000000000e+02 9.8884546338e-01 7.2594999970e-02 1.2478101068e+00
8.9500000000e+02 2.8044758019e-01 6.1157157967e-01 1.4193772151e+00
9.0000000000e+02 1.3804291907e-02 1.2231269018e+00 2.0008962166e+00
9.0500000000e+02 1.2889643905e+00 2.0710904066e+00 2.1686723185e+00
9.1000000000e+02 1.6809232800e+00 9.9358455449e-01 2.5792504687e+00
9.1500000000e+02 1.0303905581e+00 2.1566021480e+00 2.9291113410e+00
9.2000000000e+02 1.3687141766e+00 2.9489984644e+00 2.0598655099e+00
9.2500000000e+02 1.7250304315e+00 1.5557717505e+00 1.3739153330e+00
9.3000000000e+02 1.1425423953e+00 1.6475570776e+00 1.4553465255e+00
9.3500000000e+02 8.6201366493e-01 1.6041426741e+00 2.1295936948e+00
9.4000000000e+02 1.0062409692e+00 7.0352897935e-01 3.0729012064e+00
9.4500000000e+02 8.7195839188e-01 5.2645000935e-01 2.8217413300e+00
9.5000000000e+02 -2.6010374571e-01 1.0636680683e+00 2.9236102279e+00
9.5500000000e+02 -1.5634769675e-01 1.9231165036e+00 3.0394793159e+00
9.6000000000e+02 -1.2230792156e-01 1.5625295595e+00 2.1114734711e+00
9.6500000000e+02 9.6117606833e-02 1.0008285615e+00 2.8939867185e+00
9.7000000000e+02 3.8994927670e-01 1.0270478055e+00 3.2244369596e+00
9.7500000000e+02 1.0518429033e+00 9.8774177589e-01 2.1043339084e+00
9.8000000000e+02 9.8454014816e-01 8.0334684684e-01 1.2030275322e+00
9.8500000000e+02 1.3263962122e+00 9.7394489790e-01 1.3614053604e+00
9.9000000000e+02 1.4332005166e+00 1.7216444656e+00 2.0856755932e+00
9.9500000000e+02 7.1996324996e-01 2.1892902103e+00 2.8320949436e+00
1.0000000000e+03 1.2131027107e+00 2.3755523745e+00 2.4876783518e+00
