5.0000000000e+00 -4.8951860661e-01 -1.2383104268e+00 -8.1497053850e-02
1.0000000000e+01 1.7818776776e+00 -6.6602627841e-01 -7.1459312186e-01
1.5000000000e+01 1.5668113096e+00 3.1066096214e-01 -9.2143133402e-02
2.0000000000e+01 1.7699885145e+00 -5.2136126018e-01 -5.7752288796e-01
2.5000000000e+01 2.1633856550e+00 -9.1165371062e-01 2.2629534033e-01
3.0000000000e+01 5.4637881440e-01 -6.7613698221e-01 3.0505178387e+00
3.5000000000e+01 -6.7378307073e-01 -1.3175186027e+00 2.6389208087e+00
4.0000000000e+01 -5.1207594589e-01 4.4435311480e-02 1.4152863325e+00
4.5000000000e+01 6.2840597990e-01 -1.2529110231e+00 1.5099236402e+00
5.0000000000e+01 1.0999181706e+00 2.7105302043e-01 3.4869581544e-01
5.5000000000e+01 3.0234259004e+00 1.0410695606e+00 -3.4569097703e-02
6.0000000000e+01 1.1714927501e+00 1.0742605375e+00 -1.4516156162e+00
6.5000000000e+01 -9.2416005413e-01 -1.9798343209e-01 -2.4709895195e+00
7.0000000000e+01 -1.3990718547e+00 1.6171797613e+00 -1.3649535507e+00
7.5000000000e+01 -3.8272541297e-01 1.0187645159e+00 -9.7894516683e-01
8.0000000000e+01 -3.9774604414e-01 -5.2515191155e-01 4.8313687041e-01
8.5000000000e+01 -1.2021274697e-02 8.1995589592e-01 3.8669320943e-01
9.0000000000e+01 -1.6960672579e-01 -1.8843787844e+00 5.6188184390e-01
9.5000000000e+01 -4.2043783063e-01 -2.7371614777e+00 -6.8585498947e-01
1.0000000000e+02 -1.3816243315e+00 -3.6421384025e+00 1.5497596572e+00
1.0500000000e+02 1.7628740183e-01 -1.6636215055e+00 7.7897399276e-02
1.1000000000e+02 4.0806728821e-01 -1.1112297022e+00 1.2266932222e-01
1.1500000000e+02 4.3694187908e-01 6.0340474159e-01 -2.4948819094e-01
1.2000000000e+02 9.0934676038e-01 1.3524365099e-01 1.6192386831e+00
1.2500000000e+02 -1.7322772978e+00 -1.5647515232e+00 8.8538943461e-02
1.3000000000e+02 -3.5751472202e+00 -1.2234439601e+00 -5.9232511388e-01
1.3500000000e+02 -4.0726302923e+00 -1.6486957152e+00 -1.2206186294e-02
1.4000000000e+02 -1.8500922543e+00 -1.9850473270e-01 5.0491154820e-01
1.4500000000e+02 -3.7904564423e+00 -1.3665155506e+00 5.9200414164e-01
1.5000000000e+02 -4.5180117324e+00 -1.5938200592e-01 2.8796980014e+00
1.5500000000e+02 -2.7033855613e+00 8.4847036677e-01 2.2846935694e+00
1.6000000000e+02 -6.6367501145e-01 -2.3884248326e+00 1.4249524783e+00
1.6500000000e+02 6.3306193131e-01 -2.7759271956e+00 2.5570855711e+00
1.7000000000e+02 -8.7874381571e-01 -2.6187727480e+00 7.4943422624e-01
1.7500000000e+02 -1.4222375862e+00 -2.1639715311e+00 4.1202065614e-01
1.8000000000e+02 -7.6420122903e-01 6.3001327138e-01 -4.9413447987e-01
1.8500000000e+02 -3.9685815570e-01 -7.3671357442e-01 1.4252638940e-01
1.9000000000e+02 -1.3730196370e+00 -6.1633269033e-01 1.8484238757e+00
1.9500000000e+02 2.0830741930e-01 3.9352609408e-03 4.4745731617e-01
2.0000000000e+02 1.2006943622e+00 1.6847964982e-01 -1.4737737729e+00
2.0500000000e+02 1.7132197196e+00 9.1623297866e-01 -2.8749264809e+00
2.1000000000e+02 -7.9600523301e-01 1.3748854929e+00 -2.9533816421e+00
2.1500000000e+02 -3.8505266442e-01 7.6521130074e-01 -2.6940237883e+00
2.2000000000e+02 9.0518686947e-01 1.4447298809e+00 -2.2766288119e+00
2.2500000000e+02 2.4528956000e+00 -1.2307105719e+00 -1.7779636405e+00
2.3000000000e+02 2.9992941307e-01 -1.4428789336e+00 -9.1039875085e-01
2.3500000000e+02 1.0150644794e+00 7.8109010483e-01 -3.1708466284e-01
2.4000000000e+02 2.9439456874e+00 1.8087835172e+00 -1.9215717699e+00
2.4500000000e+02 2.5168152564e+00 -3.2100698728e-01 3.5830725800e-01
2.5000000000e+02 2.7302863181e+00 -4.9881692376e-01 -3.8753341869e-02
2.5500000000e+02 1.5885712198e+00 -1.8142175094e+00 -1.4323915204e-01
2.6000000000e+02 9.8739990999e-01 -1.4363975921e+00 4.1321592924e-01
2.6500000000e+02 9.1880897591e-01 -2.1934039340e+00 -2.5292821156e-02
2.7000000000e+02 1.0339202559e+00 -1.3983356190e+00 -6.3839740334e-01
2.7500000000e+02 1.3883409528e+00 -1.4195830315e+00 -1.6644138736e+00
2.8000000000e+02 1.8620731246e+00 -6.0166630574e-01 -7.4653867305e-01
2.8500000000e+02 2.3616257482e+00 -1.2381013907e+00 -2.0189491372e-02
2.9000000000e+02 7.9210886629e-01 -9.1880537480e-01 9.7947665521e-02
2.9500000000e+02 1.8984991657e+00 -5.5691136569e-01 -2.1370490033e+00
3.0000000000e+02 1.9239938239e+00 6.4377586190e-01 -2.4765986540e+00
3.0500000000e+02 1.4117748596e+00 1.7915438167e+00 5.7733968933e-01
3.1000000000e+02 2.3154701818e+00 1.4496399075e+00 8.1519212083e-03
3.1500000000e+02 -8.1719035068e-01 2.6181195290e-01 -3.7527665482e-01
3.2000000000e+02 -3.5296754948e-02 -1.0071448183e+00 9.7990558587e-01
3.2500000000e+02 -9.8740919548e-01 -1.7468501010e-01 2.7663610039e+00
3.3000000000e+02 -7.2464825638e-01 3.9068514814e+00 8.8775973223e-01
3.3500000000e+02 -2.3338342514e+00 4.4628978322e-01 1.8553048291e+00
3.4000000000e+02 -1.7539130665e+00 1.6994434828e+00 1.3390083173e+00
3.4500000000e+02 -4.1030612736e+00 1.4403610446e+00 3.4025275962e-01
3.5000000000e+02 -2.3163966337e+00 8.2081626842e-02 -1.2136887089e+00
3.5500000000e+02 -3.4699692201e+00 1.7321278834e+00 9.1004675876e-01
3.6000000000e+02 -2.6190152507e+00 1.0727957919e+00 -7.3080466191e-01
3.6500000000e+02 7.2869734627e-01 3.7291219568e-01 2.0117570627e+00
3.7000000000e+02 4.4969722314e-01 3.1780346259e-01 2.8814309864e+00
3.7500000000e+02 -2.6000991886e-01 -1.1828348571e-01 2.7653739509e+00
3.8000000000e+02 -2.0188363655e+00 2.3364305548e+00 2.7203610408e+00
3.8500000000e+02 -6.5545618829e-01 4.8730214896e-01 3.3038772549e+00
3.9000000000e+02 -1.3893320037e+00 -5.3470374137e-02 1.2640464087e+00
3.9500000000e+02 5.4825252047e-02 1.0794637042e+00 -1.3225329496e-01
4.0000000000e+02 4.0664790112e-01 -3.8272752429e-01 8.9372630196e-01
4.0500000000e+02 -8.8983394851e-01 -2.1555686720e+00 5.2141361452e-01
4.1000000000e+02 7.7603326822e-01 -1.7643366110e+00 1.2667224541e+00
4.1500000000e+02 -7.5634044059e-01 -5.4422178028e-01 -9.2455529828e-01
4.2000000000e+02 -1.5911678117e+00 8.9009312699e-01 -2.9196913844e+00
4.2500000000e+02 -1.8479044236e+00 1.4640279536e+00 -3.8695203459e+00
4.3000000000e+02 -1.0399368273e+00 8.1142346375e-01 -2.0028231135e+00
4.3500000000e+02 -1.8866281582e+00 -1.7571078781e-01 -1.4153371507e+00
4.4000000000e+02 4.0423199058e-01 -1.1272442024e+00 -2.4062478668e+00
4.4500000000e+02 -9.8950839652e-01 -1.5674381093e+00 -2.1359446927e+00
4.5000000000e+02 -1.8697826649e+00 -1.1387300615e+00 -1.4677560078e+00
4.5500000000e+02 -1.5585428683e-01 1.3003912978e+00 -1.3310710333e+00
4.6000000000e+02 7.0391739770e-01 -9.8614092628e-01 4.2717643262e-01
4.6500000000e+02 4.7249591171e-01 2.8295439481e-01 1.9855656520e-01
4.7000000000e+02 -1.1167290865e+00 2.0150814584e+00 -7.4459552844e-01
4.7500000000e+02 6.1210709622e-01 1.9610454516e+00 -2.5525835982e-01
4.8000000000e+02 3.0909490180e-01 2.6704489949e+00 1.1880858377e+00
4.8500000000e+02 -1.3113222516e+00 6.1422868744e-01 1.1977841467e+00
4.9000000000e+02 -1.6952843645e+00 7.9033377933e-01 2.5066886999e-01
4.9500000000e+02 -1.5675690551e+00 6.6423872280e-01 -1.4841308965e-01
5.0000000000e+02 -2.9937403975e-02 -2.7131079940e-01 -7.7092417743e-01
5.0500000000e+02 -2.9348287426e-01 -2.3978222557e-01 2.3514006372e-02
5.1000000000e+02 1.3480168542e+00 -1.3202601268e+00 1.7031062128e+00
5.1500000000e+02 7.0178869680e-01 -1.7048586283e+00 2.1144665448e+00
5.2000000000e+02 -2.1982539068e+00 -1.5075500855e+00 -1.4990823930e-01
5.2500000000e+02 -2.6900268109e+00 -1.7788263531e-02 3.6632956121e-01
5.3000000000e+02 -1.5514207521e+00 3.8295307952e-01 -1.6692652640e+00
5.3500000000e+02 -2.7945606906e+00 -8.5655311237e-01 -3.1793568115e+00
5.4000000000e+02 -3.8095480809e+00 -9.1574515646e-01 -8.6129162657e-01
5.4500000000e+02 -2.5826703825e+00 -4.8804875134e+00 -4.4411624612e-01
5.5000000000e+02 -2.4235388423e+00 -9.6412065249e-01 -5.3084934889e-01
5.5500000000e+02 -2.8330890201e+00 7.3959092597e-02 3.0428825769e+00
5.6000000000e+02 -2.0884326959e+00 -6.6728227937e-01 2.8207938857e+00
5.6500000000e+02 -5.6173870327e-01 -1.2038251230e+00 3.8800182880e+00
5.7000000000e+02 1.4759484987e-01 2.3041253618e+00 1.5537525235e+00
5.7500000000e+02 1.5773632000e+00 1.5387123126e+00 3.0306139511e+00
5.8000000000e+02 1.0355764091e+00 1.7862242319e+00 2.9256508901e+00
5.8500000000e+02 1.9044580973e+00 2.4967238566e+00 6.5769446089e-01
5.9000000000e+02 2.5103370421e+00 1.2597505949e+00 -9.8612125942e-02
5.9500000000e+02 1.1825719737e+00 4.9664766713e-02 -1.2483964372e+00
6.0000000000e+02 1.1834901051e+00 6.3147838322e-01 -1.1957286073e+00
6.0500000000e+02 1.6850928011e+00 3.3423629102e-01 -1.7075026443e+00
6.1000000000e+02 6.5452024503e-01 2.6617595450e-01 -2.4898435767e+00
6.1500000000e+02 -2.7849651597e-01 -1.0914995611e-01 -3.0514936969e+00
6.2000000000e+02 -9.9740045326e-01 -1.2392004236e+00 -1.0052496479e+00
6.2500000000e+02 2.4972106300e-01 -8.7143595202e-01 -7.1364533246e-01
6.3000000000e+02 -1.3398949047e-01 -1.5134446152e+00 -6.5493390708e-01
6.3500000000e+02 -5.3804282694e-01 -4.2055844472e-01 -2.1552337690e+00
6.4000000000e+02 -2.3104509557e+00 -2.0336182967e+00 -1.6703669831e+00
6.4500000000e+02 -1.3279557939e+00 -1.9616713044e+00 8.2978939633e-01
6.5000000000e+02 -1.6439143977e+00 -1.3332249337e+00 1.6490135713e+00
6.5500000000e+02 -1.6285188816e+00 -2.5785788661e+00 1.9521630770e-01
6.6000000000e+02 -8.6697272763e-01 -1.0988325786e+00 -1.2549975069e+00
6.6500000000e+02 4.3380066552e-01 -6.5425900466e-01 1.3047922657e-01
6.7000000000e+02 -1.7300683611e+00 -9.6070812332e-01 -1.9458013364e+00
6.7500000000e+02 -1.6896666550e+00 -1.3523314359e+00 -1.0097761414e+00
6.8000000000e+02 -1.2749730296e+00 -2.7048266372e+00 -1.8846824597e+00
6.8500000000e+02 -8.2719418857e-01 -2.8175546182e+00 2.0589598615e-01
6.9000000000e+02 3.4395948184e-01 -1.9842866985e+00 1.7467890054e-01
6.9500000000e+02 -1.6581204998e+00 7.2162027486e-01 4.5764267241e-01
7.0000000000e+02 3.2573859293e-01 5.8012489532e-01 -1.5403363638e+00
7.0500000000e+02 4.1879226000e-01 -1.1409461984e+00 1.9837520607e+00
7.1000000000e+02 -7.5432775717e-01 -2.9796231456e+00 1.9157900134e+00
7.1500000000e+02 -1.2769674939e+00 -1.2021709382e+00 2.4659736985e+00
7.2000000000e+02 -1.9957697363e+00 3.1871461346e-01 1.1345340696e+00
7.2500000000e+02 -2.6109683669e+00 -1.9055952400e+00 2.5660011456e+00
7.3000000000e+02 -2.5112618490e+00 6.2280412731e-01 -5.5766349578e-01
7.3500000000e+02 -4.0862854556e+00 1.4706981285e+00 -1.0592022576e+00
7.4000000000e+02 -3.2052288619e+00 -2.2451573495e-01 4.2060115778e-01
7.4500000000e+02 -3.8297114830e+00 -1.1815051320e-01 3.3570731240e+00
7.5000000000e+02 -2.3709610438e+00 2.4449845254e+00 1.5756545709e+00
7.5500000000e+02 -5.4970689490e-01 2.2461970775e+00 9.5529115603e-01
7.6000000000e+02 5.0806709469e-02 1.2303755516e+00 -1.0524592831e+00
7.6500000000e+02 -1.5878092664e-01 1.5600715839e-01 -1.6649588981e+00
7.7000000000e+02 -5.4735754842e-02 6.1031831826e-01 -2.3077019591e+00
7.7500000000e+02 9.0356493683e-01 1.2535758828e-01 -1.5555375015e+00
7.8000000000e+02 -1.5576667027e+00 2.9268020670e-02 -3.6450348795e-02
7.8500000000e+02 -1.0894876655e+00 1.9315193241e+00 2.0044343245e-01
7.9000000000e+02 -1.0728824571e+00 1.8447208188e+00 -2.6806120681e-01
7.9500000000e+02 -2.3637748870e+00 5.1379265254e-01 -2.1356515516e+00
8.0000000000e+02 -4.6082276292e+00 1.5967109754e+00 -1.2512537150e+00
8.0500000000e+02 -2.5710353018e+00 -9.6018861409e-02 -2.1052629218e+00
8.1000000000e+02 -1.0935253024e+00 1.6087525511e+00 -1.7094606965e+00
8.1500000000e+02 3.8527421300e-01 2.1756970226e+00 -9.3805064994e-01
8.2000000000e+02 9.4320301049e-01 1.4082983935e+00 -4.6584908782e-01
8.2500000000e+02 2.1353336169e+00 1.1572330363e+00 3.1065194657e-01
8.3000000000e+02 2.1268424991e+00 3.2139921202e-02 6.8917039818e-01
8.3500000000e+02 -1.0598900005e+00 3.2421624584e-01 2.0314759689e+00
8.4000000000e+02 -3.1358114335e+00 1.6690325132e+00 2.4956613573e+00
8.4500000000e+02 -2.3372428341e+00 1.1416822644e+00 4.1123868083e-01
8.5000000000e+02 -7.2388090264e-01 1.9119477167e+00 -2.2398442974e+00
8.5500000000e+02 1.0231798751e+00 2.1899536992e+00 5.9042896885e-01
8.6000000000e+02 1.8540140183e+00 1.6601075359e+00 6.7308886019e-01
8.6500000000e+02 2.9147173548e+00 1.3757560232e+00 1.1851212221e+00
8.7000000000e+02 3.7195297890e+00 -1.2266007521e+00 1.0890376830e+00
8.7500000000e+02 3.5427288913e+00 -1.6084016664e+00 1.4295649829e+00
8.8000000000e+02 2.4538518702e+00 -1.6228392315e+00 4.6789331006e-01
8.8500000000e+02 -5.3410307490e-01 -1.0281561756e+00 -1.5785494069e+00
8.9000000000e+02 -4.6679484924e-01 -3.4723550968e+00 -2.5035218200e-01
8.9500000000e+02 1.7944484552e+00 -3.0888885985e+00 -3.3841175971e+00
9.0000000000e+02 3.2556940252e-01 -7.6757059761e-01 -1.8924675348e+00
9.0500000000e+02 -1.9508677725e+00 -1.1031359604e+00 -1.7579240544e+00
9.1000000000e+02 2.2249091168e-01 -1.7219175936e+00 -1.5575388861e+00
9.1500000000e+02 -5.0740870252e-01 -3.0150358650e+00 -2.4613446094e+00
9.2000000000e+02 -1.4261877030e+00 -1.0418272571e+00 -1.1946383682e+00
9.2500000000e+02 -1.4660972007e+00 -1.0134419198e+00 -1.4985448472e+00
9.3000000000e+02 -1.0065530007e+00 -1.9195653541e+00 -4.8829286777e-01
9.3500000000e+02 -4.6534131648e+00 7.3614866789e-01 2.6547923609e+00
9.4000000000e+02 -1.5159752101e+00 2.0347715984e+00 2.7238181745e+00
9.4500000000e+02 3.2342343628e+00 4.9642370244e-02 2.7608038847e+00
9.5000000000e+02 3.2021728144e+00 1.1388427861e+00 2.4533344443e+00
9.5500000000e+02 1.5679483869e+00 5.4923388227e-01 9.5078001424e-01
9.6000000000e+02 2.0570166817e+00 1.4492892532e+00 -4.4726395544e-01
9.6500000000e+02 1.9141605521e+00 1.6020600859e+00 8.0817429888e-01
9.7000000000e+02 8.2254230086e-01 1.1575434783e+00 1.1744674827e+00
9.7500000000e+02 1.3539839021e+00 5.7258964919e-01 1.0464058806e+00
9.8000000000e+02 8.8334748458e-01 1.1141397272e+00 -6.8572604259e-01
9.8500000000e+02 2.7223810929e+00 2.6095496128e+00 1.0685388239e+00
9.9000000000e+02 1.0835329689e+00 4.7997446739e+00 -3.0226557970e-01
9.9500000000e+02 1.3171653657e+00 2.5265104130e+00 -6.7551334526e-01
1.0000000000e+03 3.2497647042e+00 3.1321821072e-02 -1.3851219035e+00
