5.0000000000e+00 1.6615523170e+00 -3.3756429400e-01 2.4900445813e+00
1.0000000000e+01 1.7005408482e+00 -1.0883914526e+00 1.8046218455e+00
1.5000000000e+01 2.0099797402e+00 -1.4788365712e+00 4.9696485058e-01
2.0000000000e+01 4.1065999436e+00 -7.3958391012e-01 -1.0625293498e+00
2.5000000000e+01 1.5633990585e+00 -6.3941572510e-01 -4.4971270348e-01
3.0000000000e+01 4.5307776924e-01 -5.2165471842e-01 -8.0907517623e-01
3.5000000000e+01 1.4910967135e+00 -1.1893806815e+00 7.4648463935e-01
4.0000000000e+01 2.0224420511e+00 -1.2363682849e+00 -4.0908250183e-01
4.5000000000e+01 1.8099296013e+00 -1.7278884298e-01 -9.3379059830e-01
5.0000000000e+01 3.6511689490e+00 8.0396536391e-01 -3.3438877987e+00
5.5000000000e+01 3.5131462866e+00 -1.0094432568e+00 -1.7218608684e+00
6.0000000000e+01 1.2647514702e+00 4.7769540256e-01 -2.9564266782e+00
6.5000000000e+01 2.0146052479e+00 1.7794917727e+00 -3.3887102010e+00
7.0000000000e+01 3.5803360277e+00 1.8830560453e+00 5.9845207168e-01
7.5000000000e+01 2.1449154632e+00 2.1387020639e+00 1.6059713569e+00
8.0000000000e+01 3.3625265176e+00 -9.9001349387e-01 1.2019217375e+00
8.5000000000e+01 4.2705897624e-01 -2.1223327160e+00 4.9230029569e-01
9.0000000000e+01 2.7506719898e-01 -2.6903635711e-01 -2.8296174920e-01
9.5000000000e+01 3.5157553493e-03 7.2239226102e-02 -1.2092885767e+00
1.0000000000e+02 1.2782342001e+00 -1.1609103908e+00 -3.4001605677e-01
1.0500000000e+02 1.2290282722e+00 -1.1464270761e+00 -1.1673675254e+00
1.1000000000e+02 2.6285847886e+00 9.8489900854e-01 -1.6819002490e+00
1.1500000000e+02 5.0859366155e-01 8.7557116536e-01 2.2206471017e+00
1.2000000000e+02 2.1289221241e+00 1.7494060859e+00 2.6643961598e+00
1.2500000000e+02 4.7907337324e-01 -1.5148680712e+00 6.7283300076e-01
1.3000000000e+02 1.6159556139e+00 -5.8220501374e-01 -5.0068926793e-01
1.3500000000e+02 -5.6812435626e-01 -2.3318635565e-01 8.6047214885e-01
1.4000000000e+02 9.5539565504e-01 1.6379950280e+00 7.4948972353e-01
1.4500000000e+02 2.8234528634e+00 2.0383888034e+00 2.4956693432e+00
1.5000000000e+02 3.8363065101e+00 1.0828072299e+00 2.9582317310e+00
1.5500000000e+02 2.2649144027e+00 1.9604254248e+00 2.9984303557e-01
1.6000000000e+02 1.4535243234e+00 7.2875792019e-01 1.3346130498e+00
1.6500000000e+02 3.9637953022e-01 2.2680437183e+00 -9.0774465735e-02
1.7000000000e+02 8.9711919835e-01 2.4307176943e-01 1.1425983143e+00
1.7500000000e+02 -1.5961605077e-01 1.1261822610e-02 8.2703314119e-01
1.8000000000e+02 1.4672581436e+00 -1.6772106460e-01 3.5841875425e+00
1.8500000000e+02 4.0843029299e-01 1.3690619533e+00 -5.8274123197e-03
1.9000000000e+02 1.6129055236e+00 -2.7327512502e-01 7.4092732952e-01
1.9500000000e+02 -1.6170707161e-01 2.0171301660e+00 2.5343931593e-02
2.0000000000e+02 -1.4448090361e-01 -5.6253340676e-02 7.9973198305e-01
2.0500000000e+02 1.3570409545e-01 -1.2898161025e+00 -6.0308619960e-01
2.1000000000e+02 -5.1554084115e-01 -1.2500593181e+00 -2.2033365601e+00
2.1500000000e+02 1.0806134558e+00 -1.7637372028e+00 -3.7993890600e+00
2.2000000000e+02 1.4305676344e+00 3.7598655802e-01 -3.0761267585e+00
2.2500000000e+02 7.5012973375e-01 7.9109573836e-01 -7.6173757781e-01
2.3000000000e+02 3.2085744556e-02 2.4819979888e-01 -1.5449719779e+00
2.3500000000e+02 2.9323083639e+00 1.5189757014e+00 -7.7439890765e-01
2.4000000000e+02 2.2316192603e+00 1.1263766547e+00 -1.7400566498e+00
2.4500000000e+02 3.6379618218e+00 -2.4777266611e-01 -1.1349099508e+00
2.5000000000e+02 4.1226394865e+00 -2.4094193446e-02 -2.8681350086e-01
2.5500000000e+02 2.6183459226e+00 5.0776371870e-01 -2.3395947097e+00
2.6000000000e+02 3.2856985460e+00 -1.1746759048e+00 -2.1663582849e+00
2.6500000000e+02 2.6476067153e+00 -6.0802855961e-01 -2.5499959105e+00
2.7000000000e+02 2.9738875896e+00 2.2771012442e+00 -6.4889028996e-01
2.7500000000e+02 2.6969663705e+00 -6.2607562015e-02 7.0793255559e-02
2.8000000000e+02 -3.9985057085e-01 4.9221307481e-01 -1.1296609532e-01
2.8500000000e+02 -9.5882136867e-01 -4.8904754869e-01 7.8521222908e-01
2.9000000000e+02 1.0347492148e+00 1.1999083986e+00 -3.4699933620e-01
2.9500000000e+02 3.7155239422e-01 2.5938812938e+00 3.4796827820e-01
3.0000000000e+02 3.0226153258e-01 2.4642988170e-01 -2.8039587032e-01
3.0500000000e+02 1.7501542144e-01 -8.9708167869e-01 -1.1045254385e+00
3.1000000000e+02 1.8614503917e-01 -1.3957164335e+00 2.9968721876e-01
3.1500000000e+02 6.7493423499e-01 -1.0538754848e+00 3.0613052945e+00
3.2000000000e+02 7.6270196506e-01 -4.3957857922e-01 2.5320247513e+00
3.2500000000e+02 1.5539341206e-01 -4.9279866538e-02 1.1146919258e+00
3.3000000000e+02 1.2379528593e+00 7.8178660989e-01 1.9246351564e+00
3.3500000000e+02 3.0848009001e+00 -9.7023518156e-01 4.4961398634e+00
3.4000000000e+02 1.8211202184e+00 2.6444087147e-01 2.8898453974e+00
3.4500000000e+02 1.8356777047e+00 -9.4097911666e-03 1.4398668831e+00
3.5000000000e+02 -1.6940175032e-02 2.8935174211e-01 -7.2604231424e-01
3.5500000000e+02 4.3679159816e-01 -4.4515617026e-01 1.4258283666e+00
3.6000000000e+02 1.8828164033e+00 -1.8167990191e-01 1.4590035104e+00
3.6500000000e+02 2.0467248814e+00 -1.5358428480e+00 2.9213115363e-01
3.7000000000e+02 9.5812176187e-01 6.3916083466e-02 -1.9255318671e+00
3.7500000000e+02 2.6242497257e-01 -6.8290111932e-01 -5.0347766061e-01
3.8000000000e+02 1.7759683026e+00 -1.0932654988e+00 3.1744806202e-01
3.8500000000e+02 1.1973829851e+00 -1.1306794568e+00 -1.9484799156e-01
3.9000000000e+02 1.5896166932e-01 -3.7022650186e-01 -3.0921247373e-01
3.9500000000e+02 -9.7571625752e-01 -1.2594536302e-01 1.4576914929e+00
4.0000000000e+02 6.1073078562e-01 3.3810478630e+00 2.8154064430e+00
4.0500000000e+02 9.4314476273e-01 2.1893482531e+00 -2.7744012949e-01
4.1000000000e+02 3.4608802709e-01 2.8376962896e-01 -3.0130316157e-01
4.1500000000e+02 1.6372549168e+00 2.0756912718e-01 -1.4932227791e+00
4.2000000000e+02 3.8046857879e+00 -4.7554584708e-01 -3.6314487594e-01
4.2500000000e+02 2.7920306495e+00 -9.8011632070e-02 -1.3580090561e+00
4.3000000000e+02 1.9861351133e+00 7.0446823919e-02 -1.6514154496e+00
4.3500000000e+02 2.1572232677e+00 3.6188068844e-01 -1.4479059804e+00
4.4000000000e+02 3.4900022276e+00 1.6073438731e+00 -5.3964008471e-01
4.4500000000e+02 2.3408710971e+00 1.7604646124e+00 -5.5218840680e-01
4.5000000000e+02 2.8020009488e+00 1.7160835217e-02 -1.7230032247e+00
4.5500000000e+02 1.5708824048e+00 -1.3791834295e+00 -5.0988871394e+00
4.6000000000e+02 -3.1122719099e-01 9.0556486649e-01 -3.1708354419e+00
4.6500000000e+02 1.1004882850e+00 -5.2967298316e-01 -4.8922694079e-01
4.7000000000e+02 2.2169260870e+00 -1.7936464822e+00 -6.8762912540e-01
4.7500000000e+02 2.5762370359e+00 -2.3329347429e+00 5.3133292047e-01
4.8000000000e+02 3.2405833837e+00 -2.1662791051e+00 -1.2798037269e+00
4.8500000000e+02 3.8277504158e+00 1.7080962119e+00 3.9245116984e-01
4.9000000000e+02 1.8248624982e+00 1.3731074285e+00 1.0627212709e-01
4.9500000000e+02 7.4194685878e-01 4.6617395493e-01 7.1806459080e-01
5.0000000000e+02 1.7863078901e+00 1.9075457573e+00 1.1238212913e+00
5.0500000000e+02 5.0584609231e-02 1.3750861809e-01 1.5678527420e-01
5.1000000000e+02 -6.9808742595e-01 1.0010728305e-01 2.7770166788e-01
5.1500000000e+02 -1.1000250391e+00 -4.5103813569e-02 3.8275598756e-01
5.2000000000e+02 -2.2959605334e+00 2.3206581495e+00 2.1832336093e+00
5.2500000000e+02 -8.4643697763e-01 2.7059159076e+00 6.7604861483e-01
5.3000000000e+02 1.4563926559e+00 1.3528124231e+00 7.8206632735e-03
5.3500000000e+02 1.7612678984e+00 5.5211837353e-02 -3.5715016246e-01
5.4000000000e+02 2.2089528979e+00 -6.9591691475e-01 -3.5143710501e-01
5.4500000000e+02 2.5808561071e+00 -1.7219412785e+00 -8.2487661038e-01
5.5000000000e+02 5.8471383013e-01 -2.5077887031e+00 -1.3731316574e+00
5.5500000000e+02 -2.7335503295e-01 -1.6813010263e+00 -2.2665419511e+00
5.6000000000e+02 1.1113121218e+00 -2.8030580711e-01 1.0309989771e-01
5.6500000000e+02 2.0943394899e+00 -1.5867482576e+00 7.8907192493e-01
5.7000000000e+02 4.8217900078e-01 -9.7649512921e-01 1.1983236132e+00
5.7500000000e+02 6.4520006404e-01 -1.7117011152e-01 -3.8896162444e+00
5.8000000000e+02 -2.3721529982e-01 -9.8662926229e-01 -1.0798867058e+00
5.8500000000e+02 7.9935509010e-01 1.2946033724e+00 -2.0737124959e+00
5.9000000000e+02 8.8842074070e-01 -1.3008153898e-01 -1.3497126734e+00
5.9500000000e+02 1.5756762958e+00 -5.9637407152e-01 3.9648480823e-01
6.0000000000e+02 9.1485154370e-01 7.8827216934e-01 5.9125212395e-01
6.0500000000e+02 5.0133431073e-01 -1.1386773501e+00 3.4121464510e-01
6.1000000000e+02 2.1088705837e+00 -2.1808362834e+00 1.0801590694e+00
6.1500000000e+02 2.7104823046e+00 -1.5898269271e+00 5.8852582796e-01
6.2000000000e+02 2.8322284566e+00 -1.5615157476e+00 1.2878663296e+00
6.2500000000e+02 8.2918316797e-01 -8.1882688565e-01 1.2252387936e+00
6.3000000000e+02 5.3278761890e-02 1.5120007409e+00 -2.8039427941e-01
6.3500000000e+02 1.1859259638e+00 1.4612954315e+00 -8.7662435515e-01
6.4000000000e+02 3.1756009830e+00 2.3891999364e+00 1.3702014845e-01
6.4500000000e+02 2.4712345137e+00 1.9212427402e+00 1.0421232178e-01
6.5000000000e+02 -6.8224213810e-01 2.0242144402e-01 4.4660945999e-01
6.5500000000e+02 -1.0657063533e+00 -3.9700966992e-02 7.2757789970e-01
6.6000000000e+02 1.1002020442e+00 9.2527847404e-01 4.1929871497e-01
6.6500000000e+02 7.4645046832e-01 2.7885926948e+00 6.0736371408e-01
6.7000000000e+02 1.4896743520e+00 2.9675246069e+00 9.3027770651e-01
6.7500000000e+02 2.7343047948e+00 4.0987075242e+00 -8.4982434081e-01
6.8000000000e+02 1.0577428214e+00 2.5407276399e+00 4.7243830389e-01
6.8500000000e+02 2.0436332663e+00 2.5279798239e+00 1.6811948252e+00
6.9000000000e+02 1.6409118221e+00 6.2457633127e-01 8.9102176513e-01
6.9500000000e+02 2.5841205703e+00 1.3916601643e+00 7.9047782772e-02
7.0000000000e+02 2.9822017782e+00 1.6201372551e-01 -2.4772656087e-01
7.0500000000e+02 5.3610784438e-01 1.2036020964e+00 -1.9462087855e+00
7.1000000000e+02 1.6499275759e+00 -3.6813435642e-01 -2.4730728008e+00
7.1500000000e+02 1.6917367032e+00 9.0820790966e-01 -2.6686800603e-01
7.2000000000e+02 1.1977455962e+00 1.6629629588e+00 1.2462172483e+00
7.2500000000e+02 9.0994875829e-01 1.1731340182e+00 -8.2922189251e-01
7.3000000000e+02 3.4512195232e+00 7.0998244113e-01 -1.9050697907e+00
7.3500000000e+02 3.8513372660e+00 1.9525501577e+00 7.5209274287e-01
7.4000000000e+02 2.6046896654e+00 6.6242592004e-01 3.1025499891e-01
7.4500000000e+02 1.2491423586e+00 2.6794209124e-01 1.2435388760e+00
7.5000000000e+02 -1.8421398323e+00 -4.0211754075e-01 -6.0705122005e-01
7.5500000000e+02 -7.6737806532e-01 1.2604910073e+00 -3.6679664708e-01
7.6000000000e+02 2.4847251768e+00 2.6662034952e+00 -7.0294662067e-02
7.6500000000e+02 5.3027902843e+00 2.3636989197e+00 1.1416104217e+00
7.7000000000e+02 3.5593681098e+00 1.8283805731e+00 1.6551104903e+00
7.7500000000e+02 3.5889867617e+00 1.7675359124e-02 -8.6543421240e-01
7.8000000000e+02 3.3272346424e+00 -1.9544286684e+00 -2.1233668886e+00
7.8500000000e+02 4.2387957448e+00 -1.0914527971e+00 1.2609316233e+00
7.9000000000e+02 2.9239946358e+00 -7.4618583884e-01 7.1572732944e-01
7.9500000000e+02 1.3509686082e+00 1.1776409631e+00 1.1612883267e+00
8.0000000000e+02 9.3835503730e-01 2.3423042105e+00 -6.7132504436e-01
8.0500000000e+02 6.8105361355e-01 2.3104514756e+00 -1.3161758367e+00
8.1000000000e+02 9.3946488887e-01 -1.7372433880e-01 -1.6869035123e+00
8.1500000000e+02 -2.8019167021e-01 -8.7752837070e-01 -1.2029425842e+00
8.2000000000e+02 1.0158671956e+00 1.3048022135e-01 -9.7221228192e-01
8.2500000000e+02 1.4942596378e+00 1.2772102509e-01 -4.2097136565e-01
8.3000000000e+02 -1.6553626631e-01 8.0852037150e-01 8.5495747566e-01
8.3500000000e+02 -8.3849779582e-02 2.0650402850e+00 1.5868160075e+00
8.4000000000e+02 6.1405910071e-01 2.2539041510e+00 2.4459091373e-01
8.4500000000e+02 1.7305111011e+00 1.7711267472e+00 -9.8920449743e-01
8.5000000000e+02 1.6842690362e+00 1.2093365811e+00 -2.0950150871e+00
8.5500000000e+02 1.8083032946e+00 -6.5567035644e-01 -1.2036276162e+00
8.6000000000e+02 1.6744891043e+00 2.4672063137e-01 1.6942646147e+00
8.6500000000e+02 1.7603651887e+00 -3.3916012759e-01 -1.8490325328e+00
8.7000000000e+02 1.5251298696e+00 2.2625896488e-01 -2.5633665629e+00
8.7500000000e+02 2.1136863158e+00 7.6526588302e-01 -2.8316227823e+00
8.8000000000e+02 -1.8467807400e+00 -1.1401811546e-01 -1.3509680753e+00
8.8500000000e+02 7.1149357709e-02 5.8220017197e-01 -2.1806280321e-01
8.9000000000e+02 2.1328628507e+00 2.0185657973e+00 1.4045400590e+00
8.9500000000e+02 3.8940564252e+00 1.9877227210e+00 1.5106846299e+00
9.0000000000e+02 4.2017801016e+00 8.7381489663e-01 2.8817825214e+00
9.0500000000e+02 3.6725423765e+00 4.4663933844e-01 2.7682403574e+00
9.1000000000e+02 1.1681995014e+00 1.0943338262e+00 1.7198484189e+00
9.1500000000e+02 1.3033635076e+00 -1.0423033709e+00 5.3599850197e-01
9.2000000000e+02 -6.0434539829e-01 8.3917391549e-02 9.0786868107e-01
9.2500000000e+02 -9.5930141009e-01 8.0958985955e-01 2.1259003271e+00
9.3000000000e+02 -2.4335546920e+00 2.3512781462e-02 1.4054225905e+00
9.3500000000e+02 2.4943122934e-01 -2.6797634509e-01 1.6242848573e+00
9.4000000000e+02 1.8557797548e+00 -6.8103597204e-01 2.0678027104e+00
9.4500000000e+02 -3.1903179724e-01 -1.2400408297e-01 2.0567782977e+00
9.5000000000e+02 4.5114879185e-01 8.9047503400e-01 1.7563847129e+00
9.5500000000e+02 1.6988041504e+00 9.5285516984e-01 -1.4682715525e+00
9.6000000000e+02 3.4316414754e+00 6.1506092181e-01 -4.5478423983e-01
9.6500000000e+02 1.9459645778e+00 2.4107304631e+00 1.1499711824e+00
9.7000000000e+02 4.7823416323e+00 2.6455501336e+00 2.4478714015e-01
9.7500000000e+02 3.7402686565e+00 1.6988402436e+00 -3.2189279981e-01
9.8000000000e+02 2.2254177298e+00 1.3033874159e+00 3.2155093902e-01
9.8500000000e+02 2.9804983884e+00 3.5213045655e+00 9.3244126272e-01
9.9000000000e+02 3.8094356225e+00 1.6364745296e+00 -5.8351804832e-01
9.9500000000e+02 1.8526938798e+00 -8.0833000319e-01 -2.8900150895e-01
1.0000000000e+03 1.9031241203e+00 6.1823872813e-01 -2.1660293172e-01
