5.0000000000e+00 1.0651726818e+00 1.4051529965e+00 2.3312545306e+00
1.0000000000e+01 -7.2030206385e-01 3.6651822916e-01 1.1728502790e+00
1.5000000000e+01 -2.2062552484e+00 8.2765503497e-01 -1.2069923384e-01
2.0000000000e+01 -1.8524800741e+00 9.9727707305e-01 3.3630056624e-02
2.5000000000e+01 -9.2821036963e-01 3.1140025152e-01 6.9180525560e-01
3.0000000000e+01 -2.9592664776e-01 1.4770588904e+00 -6.3979005729e-01
3.5000000000e+01 4.8095789914e-01 2.0242790174e+00 -1.9136769470e-01
4.0000000000e+01 1.9764222193e+00 1.5322225263e+00 -1.4396210552e+00
4.5000000000e+01 1.1826819676e+00 2.9956698199e+00 -1.5404770008e+00
5.0000000000e+01 5.7147277925e-01 1.9604613494e+00 -6.9794871751e-01
5.5000000000e+01 -1.7125020623e+00 6.9208005441e-01 -2.6988075499e+00
6.0000000000e+01 -6.6209203854e-01 3.0066932457e+00 -1.3986886794e+00
6.5000000000e+01 9.3907767716e-01 1.2802674419e+00 -5.5944920115e-01
7.0000000000e+01 3.5326441644e+00 -1.5045224924e+00 -7.6256294140e-01
7.5000000000e+01 2.7947750787e+00 -1.9674923277e+00 9.6207249650e-01
8.0000000000e+01 8.6324508216e-01 3.5004290094e-01 4.5525598241e-01
8.5000000000e+01 1.4656892652e+00 -6.9015472674e-01 4.4760267814e-01
9.0000000000e+01 1.1229728143e+00 2.3497210074e+00 2.8944311661e-02
9.5000000000e+01 1.0895898242e+00 -7.7823844924e-01 1.4295266588e+00
1.0000000000e+02 -1.2205364273e+00 3.4071543898e-01 5.2686965922e-01
1.0500000000e+02 -2.1167109824e+00 1.9490518618e+00 7.7483790816e-01
1.1000000000e+02 -1.0253640609e+00 2.8280559297e+00 9.4437513176e-01
1.1500000000e+02 -8.3548877816e-01 6.4012093105e-01 6.3226159052e-01
1.2000000000e+02 1.0181136548e+00 5.2735395485e-01 1.7531164538e+00
1.2500000000e+02 -2.3394188318e-01 6.6070943091e-01 2.1328425395e+00
1.3000000000e+02 1.7957638329e+00 -2.5219155985e+00 6.3513595484e-01
1.3500000000e+02 1.1606087139e+00 -3.4477448749e+00 9.3925245342e-01
1.4000000000e+02 1.9902956981e+00 -1.0785572707e+00 6.8358275769e-01
1.4500000000e+02 1.5499170353e+00 5.9061146038e-01 -1.1212161719e-01
1.5000000000e+02 4.7273703306e-01 2.1692686050e+00 -2.7616970239e-01
1.5500000000e+02 2.2198935883e+00 1.7597187877e+00 1.1408194122e+00
1.6000000000e+02 4.9680466143e+00 -6.8480952045e-01 1.6645420312e+00
1.6500000000e+02 3.7529871390e+00 -2.5875189320e+00 1.2062943477e+00
1.7000000000e+02 4.5331489822e+00 -1.7258727644e+00 7.9277937902e-01
1.7500000000e+02 1.9274253121e+00 -8.8565639374e-01 3.1681089550e+00
1.8000000000e+02 2.2554974680e+00 -2.4115978384e+00 6.7426832789e-01
1.8500000000e+02 3.4270378961e+00 -8.6353568640e-01 1.1429987833e+00
1.9000000000e+02 2.2492583735e+00 -1.4368051641e+00 -7.3363102062e-01
1.9500000000e+02 2.0553757327e+00 -2.9738980043e+00 -9.0556663191e-01
2.0000000000e+02 4.8762969796e+00 -1.0670089988e+00 -7.9126161464e-01
2.0500000000e+02 3.4752131056e+00 -2.8032412638e+00 -1.9562418846e-01
2.1000000000e+02 1.9018281951e+00 -1.1501578295e+00 -2.3620405614e+00
2.1500000000e+02 1.1963070389e+00 -2.4130288793e+00 -2.4619056856e+00
2.2000000000e+02 3.2700575093e+00 -2.3454908333e-01 4.0258527247e-01
2.2500000000e+02 2.7731322272e+00 9.3546219333e-01 -2.7601264614e-01
2.3000000000e+02 1.2082553594e+00 2.0417777479e+00 -4.7472915372e-02
2.3500000000e+02 2.0521917706e-01 -6.5775797528e-01 -2.0561466931e+00
2.4000000000e+02 1.6138035445e+00 -2.6577769830e+00 -1.3819651682e+00
2.4500000000e+02 2.5741721246e+00 -2.5134044798e+00 -1.2337920159e+00
2.5000000000e+02 1.6739314880e+00 -1.8892543069e+00 -2.0599553109e-01
2.5500000000e+02 1.6415517895e+00 -3.0525013417e+00 -2.5457672815e-01
2.6000000000e+02 1.8284528751e+00 -1.5913242322e+00 1.4979722364e+00
2.6500000000e+02 -1.7345735384e-02 -1.8586657970e+00 1.1582883989e+00
2.7000000000e+02 -8.5695455625e-01 -8.6514542496e-01 1.7682518823e+00
2.7500000000e+02 1.9815688099e+00 -1.3440113264e+00 1.9209692837e+00
2.8000000000e+02 1.4277958773e+00 -3.9404572730e-01 3.8553421141e+00
2.8500000000e+02 2.1502105988e+00 1.2720246974e+00 7.7713192349e-01
2.9000000000e+02 3.0079559552e+00 1.2038975842e+00 -2.1894893753e-01
2.9500000000e+02 2.7335152209e+00 -7.8573144376e-01 -1.9076964969e+00
3.0000000000e+02 1.6959965787e+00 -3.1211903491e-01 -2.0201467809e+00
3.0500000000e+02 3.6455363907e+00 1.2057472297e+00 7.5780110402e-01
3.1000000000e+02 3.2557609581e+00 9.9892939006e-01 -3.7569596209e-01
3.1500000000e+02 4.1372407139e+00 5.7713158517e-01 -7.9093335202e-01
3.2000000000e+02 2.0899403329e+00 9.1936929792e-01 6.0464811759e-02
3.2500000000e+02 2.1066885656e+00 1.2379646337e+00 -7.9739090966e-02
3.3000000000e+02 1.2654983570e+00 -2.6750128219e-01 -2.6013359727e-01
3.3500000000e+02 1.5673121640e+00 2.1803653102e-01 1.3625039416e+00
3.4000000000e+02 2.3092443878e+00 -5.6561799850e-01 -1.6200220940e+00
3.4500000000e+02 5.8200124310e-01 -3.4032373693e-01 -2.2185458772e+00
3.5000000000e+02 2.4984358804e+00 9.6401586215e-01 -9.6485278368e-01
3.5500000000e+02 6.1883417353e+00 8.5588626806e-02 -4.3165318967e-01
3.6000000000e+02 2.8387076245e+00 9.9972707046e-01 -2.4938003621e-02
3.6500000000e+02 6.2798233465e-01 8.0986073620e-01 4.8316463207e-01
3.7000000000e+02 7.7356123585e-01 1.7232899090e+00 1.3748740682e+00
3.7500000000e+02 3.0584253852e+00 2.7297084319e+00 1.9486677339e+00
3.8000000000e+02 3.1988102181e+00 2.8569641604e+00 2.0365514522e+00
3.8500000000e+02 2.8696133965e+00 2.3795925262e+00 1.9889610018e+00
3.9000000000e+02 1.7072778979e+00 -7.5664924050e-01 7.3441842326e-01
3.9500000000e+02 2.6066094646e+00 -3.7601332593e-01 -1.1052045684e+00
4.0000000000e+02 2.9195048498e+00 -2.1853857279e+00 -8.1596075798e-01
4.0500000000e+02 1.0863854689e+00 -2.5537685336e+00 -3.7444787880e-01
4.1000000000e+02 -9.5380202537e-01 -1.4785676620e-01 2.3281542027e+00
4.1500000000e+02 1.4402142876e+00 8.3279372121e-01 3.0410832366e+00
4.2000000000e+02 2.3085299853e+00 -1.9784379406e+00 5.0774113466e-02
4.2500000000e+02 5.6579053297e-01 -2.4334632614e+00 -4.7960881445e-01
4.3000000000e+02 2.3256288004e+00 -2.2042920258e+00 -1.6043495435e+00
4.3500000000e+02 1.0009957540e+00 -1.4865519100e+00 9.2727298381e-01
4.4000000000e+02 1.5967442472e+00 -3.7122843964e-02 -1.0164192701e+00
4.4500000000e+02 3.4339508796e+00 9.9064904119e-01 -1.6052907599e+00
4.5000000000e+02 2.4110370940e+00 5.9109203559e-01 -1.0746069213e+00
4.5500000000e+02 2.3106582484e+00 5.6846870024e-01 2.1023723096e-01
4.6000000000e+02 2.6463939240e+00 1.0405561052e+00 -1.5282541040e-01
4.6500000000e+02 3.4363382190e-01 3.4991175304e-01 -1.8864011002e+00
4.7000000000e+02 -5.5361814849e-01 6.4201322812e-01 -2.3385727597e+00
4.7500000000e+02 -3.3833477789e-01 9.8759982451e-01 -1.5160242508e+00
4.8000000000e+02 6.3130935632e-01 1.1158730081e+00 6.5461952754e-01
4.8500000000e+02 2.3397614849e+00 6.4692026973e-01 -8.2688630702e-01
4.9000000000e+02 6.3639706350e-01 -1.6440044344e+00 -1.8721472748e+00
4.9500000000e+02 1.1355361353e+00 -1.4197796121e+00 -9.1146973524e-01
5.0000000000e+02 2.8435835812e+00 -1.0369491218e+00 -9.1384236159e-01
5.0500000000e+02 2.3797215111e-01 7.5872685315e-01 -2.1941676084e+00
5.1000000000e+02 1.1313277800e-01 -1.7693941526e+00 -2.0981822291e+00
5.1500000000e+02 -3.4831327484e-01 -2.1850339320e+00 -2.1082431486e+00
5.2000000000e+02 3.5201165906e-01 -3.7207367946e-01 -2.8955901718e+00
5.2500000000e+02 6.9961425402e-01 -3.1921571085e+00 5.1196084346e-01
5.3000000000e+02 2.0274998856e+00 -1.7783321399e+00 2.3570835614e-01
5.3500000000e+02 3.0678093859e+00 -6.0684576730e-01 2.6354512492e+00
5.4000000000e+02 7.0905011542e-01 -7.3474937200e-02 5.5128047058e-01
5.4500000000e+02 2.4663758878e+00 1.1373389494e+00 4.9993207050e-01
5.5000000000e+02 1.2138114804e+00 4.1944705998e-01 -3.7516081244e-02
5.5500000000e+02 2.8918099504e+00 -9.5494299969e-01 4.5532674418e-02
5.6000000000e+02 1.8490970376e+00 -3.9761926916e-01 8.3968099166e-01
5.6500000000e+02 1.3155128874e+00 1.2669251483e-01 2.6777437481e-01
5.7000000000e+02 2.0759199511e+00 -1.1087525197e+00 4.0326266610e-01
5.7500000000e+02 2.9972129604e+00 5.7392440129e-01 -1.8808506292e-01
5.8000000000e+02 3.0311990834e+00 3.1878827961e+00 1.8270061397e+00
5.8500000000e+02 3.2267163896e+00 3.0745094442e+00 1.0669599637e+00
5.9000000000e+02 3.4699566814e+00 1.4776936959e+00 2.2113278301e+00
5.9500000000e+02 1.3384845684e+00 -3.3622550289e-02 4.0398530825e+00
6.0000000000e+02 4.3353118748e-01 -1.1685972070e+00 1.7585022480e+00
6.0500000000e+02 2.0138638280e+00 7.0061367112e-01 1.7396289498e+00
6.1000000000e+02 1.4652098364e+00 4.3437202409e-02 -2.1602864540e-01
6.1500000000e+02 2.2255577051e+00 -7.9362614795e-01 -3.7175242050e-02
6.2000000000e+02 2.8310785038e+00 -4.1380462751e-01 7.8027623160e-01
6.2500000000e+02 1.5904927410e+00 -1.1899802300e+00 3.1038857287e-01
6.3000000000e+02 -1.8030757930e-01 1.5925911305e+00 1.1838834122e+00
6.3500000000e+02 -4.4621266402e-01 7.2284976558e-01 1.8181410839e+00
6.4000000000e+02 -2.7823546534e-01 -4.7986230624e-01 3.8105201053e-01
6.4500000000e+02 1.2186167245e+00 5.7016156072e-01 6.0755944192e-01
6.5000000000e+02 1.6748472498e+00 1.4370615001e+00 2.2500010265e+00
6.5500000000e+02 1.3496466427e+00 3.1618263125e+00 1.3806714616e+00
6.6000000000e+02 6.0520927530e-01 2.1110117792e+00 2.1932007423e+00
6.6500000000e+02 1.8268257137e+00 -5.1940751172e-01 1.7457559494e+00
6.7000000000e+02 3.5048575359e+00 -1.4422856784e+00 8.8788415844e-01
6.7500000000e+02 4.7175927249e+00 -1.2826406330e+00 1.8295503002e+00
6.8000000000e+02 5.5597980427e-01 -2.2050572746e-01 1.5534191999e+00
6.8500000000e+02 -4.9973312378e-01 3.7474122955e-01 1.9590229959e+00
6.9000000000e+02 8.7095017685e-01 1.7551255201e+00 -8.2054068071e-01
6.9500000000e+02 1.5755662168e+00 8.3032671165e-01 -1.1556624382e+00
7.0000000000e+02 1.0955485657e+00 -1.3271233701e+00 -1.1522482398e+00
7.0500000000e+02 1.4333024344e+00 -3.4062675997e+00 -5.9330074284e-01
7.1000000000e+02 2.9484901949e-01 -2.1264441761e+00 1.0618778825e+00
7.1500000000e+02 1.1824259124e+00 -4.0493853946e-01 5.0573971010e-01
7.2000000000e+02 1.5635783175e+00 -1.2951224004e+00 -7.6974718841e-01
7.2500000000e+02 3.0768036598e+00 -1.5320711731e-01 -6.9543421634e-01
7.3000000000e+02 4.0344615757e+00 -4.0663824394e-01 9.5735473911e-01
7.3500000000e+02 4.1550030004e+00 -4.4385380853e-01 3.6543497365e-01
7.4000000000e+02 2.4552118939e+00 -1.9114623037e+00 1.7686178520e+00
7.4500000000e+02 5.5755334763e-01 -1.5235301265e+00 -3.7218114729e-01
7.5000000000e+02 -3.2463992495e-01 -1.1418909459e+00 2.3173733038e-01
7.5500000000e+02 2.7727862269e+00 -1.0874999696e+00 9.3064924351e-01
7.6000000000e+02 1.3206527413e+00 4.9943258623e-01 1.1788426790e+00
7.6500000000e+02 2.7633119435e+00 1.2520940905e-01 4.6463506361e-01
7.7000000000e+02 1.4819186326e+00 -1.8591551102e+00 1.6748890217e-01
7.7500000000e+02 1.7910877385e+00 7.0706572608e-01 3.6313617142e-02
7.8000000000e+02 6.7944293738e-01 -6.5075334053e-01 -2.7231902697e+00
7.8500000000e+02 1.5371208007e+00 -3.3826917636e-01 -1.9076716677e+00
7.9000000000e+02 1.1260063589e+00 -4.3150791498e-01 -3.5881000937e+00
7.9500000000e+02 -4.3414312566e-01 -6.8676074378e-02 -2.2331394305e+00
8.0000000000e+02 -2.1031355996e-01 -7.6101232846e-01 -6.0083595319e-01
8.0500000000e+02 -1.9343409140e-01 2.0971261219e+00 -3.1786564483e-01
8.1000000000e+02 1.3399314060e+00 1.8441241110e+00 -1.5160940326e+00
8.1500000000e+02 1.5929640909e+00 -7.8798217703e-01 -2.4246803186e+00
8.2000000000e+02 1.7740055864e-01 -3.3993431315e-01 -2.6003902167e+00
8.2500000000e+02 1.2964539099e+00 1.4371918191e+00 5.4908483438e-02
8.3000000000e+02 1.1419903458e+00 1.6470821119e+00 1.1413973576e+00
8.3500000000e+02 -3.7833698150e-01 -3.4875000862e-01 -2.1973040350e-01
8.4000000000e+02 8.9037956072e-01 -2.1505527947e-01 -6.3117906577e-01
8.4500000000e+02 -1.1352661764e-01 1.1936216539e+00 -5.9076619552e-01
8.5000000000e+02 4.7284774221e-01 -2.6948034038e-01 -1.2474676564e+00
8.5500000000e+02 -4.6237794644e-02 8.9762933664e-01 -1.1074280583e+00
8.6000000000e+02 9.9639719043e-02 1.0850364194e+00 -3.3189717114e-01
8.6500000000e+02 -1.3439175145e+00 -5.7850270324e-01 5.6786115803e-01
8.7000000000e+02 -2.8374882916e+00 -1.2858169763e+00 1.9344182824e+00
8.7500000000e+02 8.1303604620e-01 -1.6437095593e+00 2.4299406978e+00
8.8000000000e+02 8.6718832946e-01 -1.2502493608e+00 6.5291506844e-01
8.8500000000e+02 2.8586731123e+00 4.5282109908e-01 -3.5055734109e-01
8.9000000000e+02 3.3210147104e+00 -1.0977547512e+00 4.5744728345e-01
8.9500000000e+02 5.5035031370e+00 -2.6578985966e+00 5.6667596297e-01
9.0000000000e+02 2.6505284596e+00 -2.9678529330e+00 7.5809133674e-01
9.0500000000e+02 1.7459886037e+00 -2.9792950609e+00 -2.0204040520e+00
9.1000000000e+02 2.5549237177e+00 -1.8873059692e+00 -8.1560065463e-01
9.1500000000e+02 2.0807363387e+00 -9.1579296734e-03 1.3882335651e+00
9.2000000000e+02 2.3232415465e+00 8.3274699342e-01 3.1417550794e-01
9.2500000000e+02 3.2766778466e-01 -8.6017644582e-01 1.0564239189e+00
9.3000000000e+02 1.6388109054e+00 -9.7685860590e-01 2.0105781444e+00
9.3500000000e+02 9.5363183517e-01 3.2250132245e-01 1.2955929516e+00
9.4000000000e+02 4.2328600560e-01 2.3057347385e-01 9.5944509754e-01
9.4500000000e+02 1.8541440572e+00 -2.6190301390e+00 1.2459114379e+00
9.5000000000e+02 1.8837365709e+00 -1.5980953465e+00 2.7473971245e+00
9.5500000000e+02 5.3265487907e-01 -2.0889048516e-01 2.7183153762e+00
9.6000000000e+02 1.7610848053e+00 -2.6802811134e-01 -2.2846988678e-01
9.6500000000e+02 8.1500443272e-01 -1.3267919377e+00 -4.8497808954e-01
9.7000000000e+02 1.5425015985e+00 -7.0491524429e-01 -4.0302055970e-01
9.7500000000e+02 1.7211738967e+00 -6.8280486719e-01 3.6860270655e-01
9.8000000000e+02 1.6787338893e+00 2.3946488872e-01 6.0203704703e-01
9.8500000000e+02 6.1152043150e-01 3.6631416241e-01 -5.3759230424e-01
9.9000000000e+02 2.1911804331e+00 -4.4434583498e-01 9.6112961732e-02
9.9500000000e+02 1.9761908030e+00 1.1157668988e+00 2.7326660957e-01
1.0000000000e+03 3.6663702117e+00 1.5759222365e+00 8.5200909095e-01
