5.0000000000e+00 1.3680240689e+00 -8.9603408387e-01 -2.5350164125e-03
1.0000000000e+01 4.7359326176e-01 4.4051738056e-01 7.5602891101e-01
1.5000000000e+01 9.5548775193e-01 1.5928038227e+00 8.7740327170e-01
2.0000000000e+01 1.3770766507e+00 1.1542129433e+00 -2.7430423092e+00
2.5000000000e+01 1.5249136884e+00 -1.3596196320e+00 -9.0986574722e-01
3.0000000000e+01 5.9781758185e-01 -2.0828155033e+00 4.5835512650e-01
3.5000000000e+01 6.9544955147e-01 -9.2084938878e-01 7.1606276191e-01
4.0000000000e+01 1.3076213694e+00 -1.2051670989e+00 6.9529736429e-01
4.5000000000e+01 1.0091124329e+00 -2.0359785264e+00 9.8496303726e-01
5.0000000000e+01 -5.9762724365e-01 -1.1801936385e+00 -1.9247412782e+00
5.5000000000e+01 -1.9941702380e+00 -1.2730172649e-01 -1.6370649036e+00
6.0000000000e+01 7.2637776688e-01 6.2190136142e-01 -1.2576353110e+00
6.5000000000e+01 -5.9517726203e-01 7.3065167267e-01 -2.5092753235e+00
7.0000000000e+01 -1.4959258761e-01 1.2407410737e+00 -1.4397648456e+00
7.5000000000e+01 -1.3791130271e+00 -5.7294900312e-01 -3.5507489122e-01
8.0000000000e+01 -2.1027526745e+00 -1.2630317401e+00 8.5480504131e-01
8.5000000000e+01 -2.2922791359e+00 -2.3831788875e+00 4.5124245660e-01
9.0000000000e+01 -1.8572550653e+00 -2.4423731119e+00 9.3741324336e-01
9.5000000000e+01 -1.3828193826e+00 -1.6634937213e+00 -1.0971240370e+00
1.0000000000e+02 -1.9141215371e+00 -9.4563211096e-01 -7.4267989126e-01
1.0500000000e+02 6.9118138418e-01 -1.9892125644e+00 1.3439556077e+00
1.1000000000e+02 2.0434286689e+00 -3.1201815940e+00 -1.0774685201e+00
1.1500000000e+02 1.7745314995e+00 -1.2981779203e+00 -1.4264403725e+00
1.2000000000e+02 1.8956168282e+00 2.1943286534e+00 -1.3238325972e+00
1.2500000000e+02 -3.6003675851e-01 -1.2735040577e-01 -6.2353316919e-02
1.3000000000e+02 9.3878489255e-01 -6.1891407833e-01 1.8100198254e-01
1.3500000000e+02 -1.6414496025e+00 -2.1650679041e+00 7.6257599787e-01
1.4000000000e+02 -9.8262027280e-01 -1.3099783972e+00 -7.0288259381e-02
1.4500000000e+02 -7.4982229761e-01 5.4629418018e-01 -9.8880675575e-01
1.5000000000e+02 -1.0775397022e+00 1.1784137829e+00 -7.7883809965e-01
1.5500000000e+02 -5.0587620988e-01 3.4528052066e+00 -4.1816999970e-02
1.6000000000e+02 -9.1430108401e-02 7.3333881018e-01 1.1137999182e+00
1.6500000000e+02 -2.0551654569e+00 1.6241470577e+00 -1.6804931532e-01
1.7000000000e+02 9.6674104248e-01 3.3798058208e+00 3.9285163270e-01
1.7500000000e+02 2.2870639346e+00 3.6791836308e+00 -2.6462107532e-01
1.8000000000e+02 1.2100044891e+00 2.7855579900e+00 -2.3822211023e+00
1.8500000000e+02 7.1211135236e-01 5.6337896646e-01 -7.2006699456e-01
1.9000000000e+02 8.0436737777e-01 5.7058315650e-01 5.6798510289e-01
1.9500000000e+02 1.0794979272e+00 1.1980097766e+00 9.2309486386e-02
2.0000000000e+02 9.2790526086e-01 5.8404797446e-01 1.4246479865e+00
2.0500000000e+02 -6.3182982617e-01 1.9676751224e-01 2.0695952991e+00
2.1000000000e+02 4.5864970929e-01 -6.3307490988e-01 -6.8119633429e-01
2.1500000000e+02 2.5543863248e+00 -9.0203121386e-01 3.4612847130e-02
2.2000000000e+02 7.7142991408e-01 -2.4833861714e+00 -1.0898303884e+00
2.2500000000e+02 1.0914073797e+00 -2.2956066097e+00 -8.0295723372e-01
2.3000000000e+02 1.9720243698e+00 -1.8811397945e+00 -3.6375039100e-01
2.3500000000e+02 2.8888404090e+00 -2.2309120573e+00 -7.3683666009e-01
2.4000000000e+02 1.9250316309e+00 -7.6261719866e-01 -2.1761610534e+00
2.4500000000e+02 2.8950587488e+00 -2.0737567992e+00 -4.3392205296e+00
2.5000000000e+02 1.3583883368e+00 -6.8564282345e-01 -2.6371339054e+00
2.5500000000e+02 2.6950372819e+00 3.7220874572e-01 -1.3593050041e+00
2.6000000000e+02 1.1849182671e+00 -7.9884186640e-01 4.0661362076e-01
2.6500000000e+02 -9.6934160995e-01 -2.2534868540e-01 1.1540770951e+00
2.7000000000e+02 -2.8689215595e+00 4.3061696512e-01 3.2836386236e+00
2.7500000000e+02 -1.5935273691e+00 1.1344280422e+00 2.1286235301e+00
2.8000000000e+02 -1.0842180386e+00 8.4836609229e-01 1.9525079446e+00
2.8500000000e+02 -4.3506208362e-01 4.8772629476e-01 1.1181233234e+00
2.9000000000e+02 -2.2294702293e+00 1.4930040051e+00 -1.5368336064e+00
2.9500000000e+02 -8.6822550522e-01 3.1825440117e-01 -2.0004268053e+00
3.0000000000e+02 -8.3492657996e-01 -1.4570214166e+00 -9.4524932381e-01
3.0500000000e+02 1.5175091675e+00 -1.5386389242e+00 -1.9720756741e+00
3.1000000000e+02 -7.4392910596e-01 -1.6604590938e+00 -1.6657539694e+00
3.1500000000e+02 4.7287081913e-01 7.1345792675e-02 1.0658389086e-01
3.2000000000e+02 2.9896170398e-01 2.8379977169e+00 -4.5917325918e-01
3.2500000000e+02 -8.5480036283e-03 1.1220781430e+00 2.3848964027e+00
3.3000000000e+02 1.7705715693e+00 1.4192674864e+00 -5.4728680476e-01
3.3500000000e+02 1.5413940091e+00 8.8044822725e-01 4.9939351223e-01
3.4000000000e+02 3.6227995173e-01 -5.0927325420e-01 -1.9999028641e+00
3.4500000000e+02 7.1737755825e-01 2.8037200109e-01 7.1600595453e-01
3.5000000000e+02 -1.9894483622e-01 1.3488460680e+00 1.0102538229e+00
3.5500000000e+02 -6.3833995374e-01 2.5188125393e+00 7.4416935036e-01
3.6000000000e+02 2.1429721107e+00 2.5006136347e+00 -3.9088857930e-01
3.6500000000e+02 1.1706592155e+00 2.4756993739e+00 6.4720190537e-02
3.7000000000e+02 6.4498345402e-01 6.6228800763e-01 -9.9558481033e-01
3.7500000000e+02 8.6537007943e-02 6.3719510800e-01 -6.1897494651e-01
3.8000000000e+02 6.9179903935e-01 -6.1273192047e-01 8.1931030347e-01
3.8500000000e+02 2.1027304759e+00 -1.6158376673e+00 1.7745652290e+00
3.9000000000e+02 1.2601343152e+00 -1.6117790744e+00 2.9940102258e+00
3.9500000000e+02 5.9698461640e-01 6.1709517515e-01 2.4783503891e+00
4.0000000000e+02 -5.1264778545e-01 1.5599133590e-01 4.8251809557e-02
4.0500000000e+02 -7.1257758245e-01 -1.6882507837e+00 1.8641181943e+00
4.1000000000e+02 1.8409490720e+00 -7.4747971273e-02 9.3051839964e-01
4.1500000000e+02 -2.0986356353e+00 -1.6037523110e-01 6.1390540701e-01
4.2000000000e+02 6.1638694249e-01 -2.6373833924e-01 -1.6098451614e+00
4.2500000000e+02 5.8249984643e-02 1.5374730953e+00 -7.2040930574e-01
4.3000000000e+02 5.2488973439e-01 1.3623643536e+00 -6.1913973251e-02
4.3500000000e+02 3.3623724483e-01 1.8041146647e+00 -9.8381684441e-01
4.4000000000e+02 6.5591251854e-01 2.8867239903e-02 -2.5573333563e+00
4.4500000000e+02 2.6332308532e-01 1.1646593021e+00 -2.2349787114e+00
4.5000000000e+02 -7.1995595791e-02 -9.1896433752e-01 -6.9704609699e-01
4.5500000000e+02 1.5849523253e+00 -8.3474191295e-01 -5.6981128211e-01
4.6000000000e+02 -5.7907334700e-01 -3.8789309096e-02 8.4185462920e-01
4.6500000000e+02 2.5618775426e-01 -4.6050846139e-01 -5.8599330856e-01
4.7000000000e+02 -2.7992198462e+00 1.2169141489e-01 -1.8675029665e-01
4.7500000000e+02 -3.3819661141e+00 -1.1553385933e-02 1.8226929631e+00
4.8000000000e+02 -1.7010852850e+00 6.2497176574e-01 9.9763596975e-01
4.8500000000e+02 -1.2169634373e-01 1.4657568043e+00 -4.4740074006e-01
4.9000000000e+02 1.2252652243e+00 -9.2486524900e-01 -5.9261327590e-01
4.9500000000e+02 7.6468594785e-01 1.5019580584e+00 -1.1574703165e+00
5.0000000000e+02 3.0840814110e+00 4.1355100855e-01 -1.7940846195e+00
5.0500000000e+02 2.7322682551e+00 2.0544512597e+00 -2.2068082936e+00
5.1000000000e+02 9.2162910465e-01 2.4288664968e+00 4.8796038236e-01
5.1500000000e+02 1.5867238337e+00 -1.0599377603e+00 -1.0641355603e+00
5.2000000000e+02 7.5496291292e-02 -1.1686897434e+00 -3.4947892093e-01
5.2500000000e+02 -1.7716694912e+00 -5.7837538500e-01 2.2081161866e-01
5.3000000000e+02 -2.8868880342e+00 -1.0774739541e+00 3.6311912420e-01
5.3500000000e+02 7.1206476346e-01 -2.7834685104e-01 1.5342581551e+00
5.4000000000e+02 -4.6177629674e-02 -3.6220830955e-01 -2.7643877579e-01
5.4500000000e+02 -1.4574315315e+00 1.6262712917e+00 -4.3474311579e+00
5.5000000000e+02 1.1572371497e-01 1.4503950087e+00 -2.9005944737e+00
5.5500000000e+02 1.2097130909e+00 -2.2384107406e-01 9.7499028821e-01
5.6000000000e+02 3.6343832406e+00 -1.2747742150e+00 -8.2170260831e-02
5.6500000000e+02 1.5742710841e+00 -1.3304447378e+00 5.4359130709e-01
5.7000000000e+02 -7.0266460537e-02 -4.3042693926e-01 -3.0667175665e-01
5.7500000000e+02 -1.0890063809e+00 -2.0921078213e+00 6.8186142952e-01
5.8000000000e+02 -1.2832333161e-01 -7.7145931679e-01 6.6596878159e-01
5.8500000000e+02 1.3566942007e+00 -5.5395354771e-01 2.4105891877e+00
5.9000000000e+02 1.0333011072e+00 8.0348804749e-01 6.5820288680e-01
5.9500000000e+02 2.7495687925e+00 4.4134135742e-01 7.1464853888e-01
6.0000000000e+02 1.2741704304e+00 1.3285774662e+00 8.0625295518e-01
6.0500000000e+02 7.3314243699e-01 1.8095915322e+00 1.1156582582e+00
6.1000000000e+02 3.5568670576e-03 3.9861900756e-01 -1.7719721845e+00
6.1500000000e+02 -2.0304234584e+00 -1.9384214846e+00 -3.4878169394e-01
6.2000000000e+02 -2.2086182716e+00 1.6188142126e-01 -7.8415905024e-02
6.2500000000e+02 1.9255462549e-01 -3.4760177923e-01 -8.0590763376e-01
6.3000000000e+02 -5.4861560822e-02 4.8316418175e-01 1.4569462170e+00
6.3500000000e+02 1.1101109234e+00 2.4104603172e+00 1.2116348920e+00
6.4000000000e+02 9.9791285670e-01 2.5979511912e+00 9.7635838812e-01
6.4500000000e+02 2.1336342562e+00 2.1410465365e+00 4.6137126982e-01
6.5000000000e+02 2.1310088671e+00 2.8533573269e+00 -1.4251857020e+00
6.5500000000e+02 5.6211081914e-01 2.1937727612e+00 2.2445177439e-01
6.6000000000e+02 6.6050551119e-01 2.3175131701e+00 1.6552406880e+00
6.6500000000e+02 -1.5945823506e+00 2.6687858801e+00 1.3575999499e+00
6.7000000000e+02 1.1110008353e+00 2.9883335254e+00 2.1280777675e+00
6.7500000000e+02 7.2070147014e-01 1.5611412675e+00 1.4954758583e+00
6.8000000000e+02 -1.1010352101e-01 2.3783253037e+00 1.4553385216e+00
6.8500000000e+02 8.5231146543e-01 1.9713291276e+00 -9.5057462600e-02
6.9000000000e+02 1.2402980527e+00 -6.0649566162e-01 1.0749460547e+00
6.9500000000e+02 1.0124978029e+00 -8.2004560961e-01 1.3217152122e+00
7.0000000000e+02 8.5386296370e-01 -2.5510892736e+00 1.2425377923e+00
7.0500000000e+02 1.0227293032e+00 -1.6283643395e+00 4.4946856339e-01
7.1000000000e+02 9.3634434473e-01 -4.7435891510e-01 2.7970032788e-01
7.1500000000e+02 -4.6877207063e-01 7.1801954971e-01 -2.8180512586e+00
7.2000000000e+02 -8.4970447598e-01 -7.8248992245e-01 -8.0515538746e-02
7.2500000000e+02 4.1665216112e-01 -1.7729223543e+00 1.0427456055e+00
7.3000000000e+02 -1.3645460258e+00 -2.1867456556e+00 1.2569663297e+00
7.3500000000e+02 3.1418032511e-01 -2.3560764893e+00 2.9590966699e-01
7.4000000000e+02 1.2824972277e+00 -9.2388861902e-01 5.1872481395e-01
7.4500000000e+02 1.1397814716e-01 1.0898233431e-01 6.6016159344e-01
7.5000000000e+02 -7.7884113683e-01 -5.8537426228e-01 3.7005215092e-01
7.5500000000e+02 6.7957045564e-02 -1.1137696923e+00 1.4916137671e+00
7.6000000000e+02 2.6356328482e+00 -1.2901479761e+00 5.2219999030e-01
7.6500000000e+02 2.2597747752e+00 -4.8991476414e-01 4.1030007562e-01
7.7000000000e+02 2.2074391600e+00 -4.8372883445e-01 1.7946856039e+00
7.7500000000e+02 3.6391985524e-01 -2.5340651695e+00 1.8829201380e+00
7.8000000000e+02 1.1476393613e+00 -1.3085368973e+00 -1.0771045169e+00
7.8500000000e+02 1.5262083980e+00 -1.2761839834e+00 -2.7773622312e-02
7.9000000000e+02 2.3566073025e+00 -4.3847431907e-01 -1.3791360805e+00
7.9500000000e+02 2.8971177219e+00 -1.1697117825e+00 -2.8126800370e+00
8.0000000000e+02 1.8923094358e+00 -1.7514081859e+00 -3.3425827463e+00
8.0500000000e+02 1.7990536926e-01 -3.4163270323e-01 -1.9986527285e+00
8.1000000000e+02 -3.5369345880e-01 6.7489289235e-02 6.1136546766e-01
8.1500000000e+02 -2.3099717333e+00 -1.4464554458e+00 -3.7104530489e-03
8.2000000000e+02 -3.1204371047e-01 -4.2448921896e-01 -1.5027110137e+00
8.2500000000e+02 9.0492486080e-01 7.8246380183e-01 -1.5734816617e+00
8.3000000000e+02 9.6487699094e-01 1.9728186163e+00 7.6735440412e-01
8.3500000000e+02 -1.2059047231e+00 1.3891451485e+00 2.3040957117e-01
8.4000000000e+02 -2.5243819073e+00 2.9789788145e+00 1.4951894231e-01
8.4500000000e+02 2.9115574218e-02 1.0853182727e+00 -7.0303501389e-01
8.5000000000e+02 1.4753411211e+00 3.6961161008e-02 -9.5043582740e-01
8.5500000000e+02 1.6476278012e+00 -9.1383954761e-01 -1.0847563756e+00
8.6000000000e+02 1.6089142340e+00 -2.0416143478e+00 -8.9115654553e-01
8.6500000000e+02 5.5201029202e-01 -1.5910012677e+00 -1.2552692862e+00
8.7000000000e+02 -5.4420205309e-01 -1.3191934098e+00 -1.1076875354e+00
8.7500000000e+02 -1.1362897281e+00 -7.2954819456e-01 -1.0724052291e+00
8.8000000000e+02 -1.2975505364e+00 9.8533427547e-01 -2.1204927732e+00
8.8500000000e+02 -7.5571428161e-01 -1.4630403069e-01 -7.4514047093e-01
8.9000000000e+02 -6.6066778054e-01 -1.8827431546e+00 2.5158677540e-01
8.9500000000e+02 -4.9640064971e-01 1.9232313395e+00 -5.2790193226e-01
9.0000000000e+02 5.3848284716e-01 2.4646772944e+00 7.6009803031e-02
9.0500000000e+02 -2.6825302661e-01 8.7787151960e-01 -9.4445625208e-01
9.1000000000e+02 -7.4534695884e-01 -2.8007840185e-01 -9.0669199698e-01
9.1500000000e+02 3.7421331033e-01 1.5693206341e+00 -3.5427324908e-01
9.2000000000e+02 9.2914297103e-01 1.5996015233e+00 -1.0101871418e+00
9.2500000000e+02 -6.8776182827e-01 7.2870883475e-01 -4.3254319626e-01
9.3000000000e+02 5.6466389011e-03 3.0956552697e+00 -4.1108531789e+00
9.3500000000e+02 2.3696553508e-01 2.1337148763e+00 -1.9431457751e+00
9.4000000000e+02 -4.2233762480e-01 2.8125477457e+00 -2.2297030092e+00
9.4500000000e+02 1.4266410457e+00 1.3946794196e+00 2.8897771917e-01
9.5000000000e+02 1.7256238845e+00 2.8317137041e-01 7.0658788974e-01
9.5500000000e+02 -1.4587963607e-01 -6.4451204729e-01 1.4474773941e+00
9.6000000000e+02 1.8738812624e+00 -1.5074404142e+00 1.4002951387e-01
9.6500000000e+02 3.7543931316e+00 -2.8188583515e+00 -7.1055595711e-01
9.7000000000e+02 4.1019528869e+00 -2.5115793543e+00 1.3009926038e+00
9.7500000000e+02 4.5830574528e-01 -2.0873567867e+00 1.9350421438e+00
9.8000000000e+02 -2.6972204914e-01 -2.3659480627e+00 1.2593517914e+00
9.8500000000e+02 -2.5213339598e-01 -1.2862868165e+00 -5.5456171429e-01
9.9000000000e+02 -3.6969176263e-01 -1.1247700323e+00 -1.1546627868e+00
9.9500000000e+02 1.1206323404e+00 1.2957174985e+00 2.8464507137e-01
1.0000000000e+03 -1.1619971588e+00 9.4158399505e-01 -2.0631131880e+00
