5.0000000000e+00 3.1209389759e+00 8.2295204574e-01 -1.4209200272e+00
1.0000000000e+01 2.1185899023e+00 7.4629767836e-01 -8.7168414731e-01
1.5000000000e+01 2.7769832390e+00 -2.0924465054e-01 1.4261348892e+00
2.0000000000e+01 2.4316023990e+00 -1.0381410493e-01 1.0068857391e+00
2.5000000000e+01 2.0711987806e+00 3.8947169743e-01 2.6018190620e+00
3.0000000000e+01 1.8294938782e+00 -9.8619210272e-02 2.7384408054e+00
3.5000000000e+01 1.5128475599e-01 9.5902819001e-01 -1.0054013443e+00
4.0000000000e+01 5.1999284011e-01 1.1779891606e+00 -1.1746905666e+00
4.5000000000e+01 9.2197207062e-01 -1.0186422499e-01 -1.0619934913e-01
5.0000000000e+01 6.0717618311e-01 -9.1249744771e-01 4.7865143536e-01
5.5000000000e+01 -5.6499472656e-02 8.0916115838e-01 6.0089144939e-02
6.0000000000e+01 6.5111031605e-01 1.5680824712e+00 -5.7722193269e-01
6.5000000000e+01 -8.2189802069e-02 1.7254059412e+00 -9.1947463466e-01
7.0000000000e+01 -2.2710753652e+00 1.2228357878e+00 -6.5249847144e-01
7.5000000000e+01 -1.2134334898e+00 5.8403571130e-01 -4.9475014575e-01
8.0000000000e+01 -5.4724300928e-01 -8.6641243003e-01 -1.5245695802e+00
8.5000000000e+01 2.8558669859e-01 -4.6179968281e-01 -3.1620268014e+00
9.0000000000e+01 -1.0393995622e+00 1.5657925273e+00 -3.6790667202e-01
9.5000000000e+01 -1.1281997654e+00 3.3026285993e+00 1.9248775006e+00
1.0000000000e+02 -7.0287063023e-01 7.3072355860e-01 1.3597635254e+00
1.0500000000e+02 1.6814020127e-01 -8.3630621328e-01 1.7121013035e+00
1.1000000000e+02 2.6240409988e+00 -1.6959176956e+00 8.9585426385e-01
1.1500000000e+02 2.2160183236e+00 -5.0295530502e-01 1.6290324594e+00
1.2000000000e+02 5.7302956808e-01 6.3274123468e-01 8.7745640574e-01
1.2500000000e+02 3.6026424410e-01 2.5853897804e+00 2.0398798688e+00
1.3000000000e+02 3.0561017894e+00 1.6855510257e-01 3.8999917948e+00
1.3500000000e+02 3.3423292150e+00 9.8275928187e-02 1.3036987983e+00
1.4000000000e+02 2.1367332190e+00 -3.6098505577e+00 9.2166008810e-01
1.4500000000e+02 3.1652197399e+00 -1.4466146744e+00 6.5504308013e-01
1.5000000000e+02 3.4371373655e+00 -1.1530447575e+00 1.3329607927e+00
1.5500000000e+02 4.1785978493e+00 1.7264590315e+00 5.0326523371e-01
1.6000000000e+02 2.5471393053e+00 -4.2771332599e-01 1.5794358562e+00
1.6500000000e+02 2.7223828420e+00 -2.4360988947e+00 2.0202501221e+00
1.7000000000e+02 6.4504970007e-01 -1.5119038083e+00 2.2493858219e+00
1.7500000000e+02 -1.4456855508e+00 -1.3194249287e+00 5.9641382888e-01
1.8000000000e+02 -1.3285786314e+00 -1.0927027413e+00 3.1565123402e-01
1.8500000000e+02 -1.4299474695e+00 -2.5672932160e-01 -4.6158876076e-03
1.9000000000e+02 7.7121611003e-01 1.8223319480e+00 -5.5681007589e-01
1.9500000000e+02 1.6578362805e+00 9.5843454041e-01 1.7464426886e+00
2.0000000000e+02 4.4302225418e-01 1.5454779152e+00 6.3040990821e-01
2.0500000000e+02 2.5923069577e-01 2.3053506180e+00 1.9990654256e+00
2.1000000000e+02 9.9254469721e-01 1.5549730638e+00 1.5849832759e+00
2.1500000000e+02 1.0374823325e+00 2.0365061928e+00 -1.0831749162e+00
2.2000000000e+02 1.8989418095e+00 9.8367727056e-01 -1.1630938653e+00
2.2500000000e+02 9.2245426470e-01 5.1719388370e-01 3.5890315283e-02
2.3000000000e+02 3.3782450245e+00 -2.4663172646e+00 3.3142296334e-01
2.3500000000e+02 4.4144639273e+00 -1.0020386674e+00 -1.0191985162e+00
2.4000000000e+02 4.5922368092e+00 -3.0470058421e+00 -3.4293252842e-01
2.4500000000e+02 2.9560782767e+00 -4.1807266230e-01 1.8027032212e+00
2.5000000000e+02 3.4589300753e+00 1.0168460145e-01 2.6236832940e+00
2.5500000000e+02 2.9367531292e+00 -1.0651500605e-01 1.8393749460e+00
2.6000000000e+02 1.5344035781e+00 1.4489241036e+00 7.3033719371e-01
2.6500000000e+02 8.9518984229e-01 1.1686921985e+00 -5.9649894146e-01
2.7000000000e+02 -4.3595790884e-01 3.0720972575e+00 1.4169713105e+00
2.7500000000e+02 -9.3987381541e-01 1.3310972378e+00 1.2228006888e+00
2.8000000000e+02 -1.5387956827e+00 3.4456068603e-01 4.2536122085e-01
2.8500000000e+02 -8.6969625238e-01 1.5534901145e+00 7.7070101069e-01
2.9000000000e+02 3.6110626698e-01 -1.0098652244e+00 1.4813870200e+00
2.9500000000e+02 1.0214040796e+00 -1.8869602356e+00 1.5317955158e+00
3.0000000000e+02 1.1482358170e+00 -1.1656986210e+00 1.0411867962e-01
3.0500000000e+02 1.8333342229e+00 -9.3558225783e-01 5.3916481068e-01
3.1000000000e+02 2.9237519911e+00 -2.5258226642e-02 2.3035214963e+00
3.1500000000e+02 1.5776806511e+00 6.5411701147e-02 9.4368636435e-01
3.2000000000e+02 2.4976823111e+00 5.9820303255e-01 -1.5343897569e-01
3.2500000000e+02 2.2794498834e+00 7.6264502058e-02 -6.8253405448e-01
3.3000000000e+02 2.0294606225e+00 1.0707263929e+00 2.2738426814e-01
3.3500000000e+02 3.5608813561e+00 7.6928215242e-01 -3.2725305870e-01
3.4000000000e+02 1.9143870314e+00 2.7549375148e+00 -6.6004189501e-01
3.4500000000e+02 3.4129752834e+00 2.9264032364e+00 -3.5419366856e+00
3.5000000000e+02 9.6959183971e-01 3.2878863714e+00 -3.4146535691e+00
3.5500000000e+02 -2.1932090324e-01 3.2040007280e+00 -8.5936281772e-01
3.6000000000e+02 8.2327594829e-02 3.3313890834e+00 -1.1483735959e-01
3.6500000000e+02 9.5160325128e-01 3.0536280897e-01 -8.7590702425e-01
3.7000000000e+02 -3.5648463701e-01 -1.5139712288e+00 -2.6521034758e-03
3.7500000000e+02 7.5272362877e-01 -5.3571287724e-01 -1.1699381268e+00
3.8000000000e+02 1.0602510385e+00 -6.5124755143e-01 -6.0450384458e-01
3.8500000000e+02 -3.5360050403e-01 2.3484495563e-01 5.5405942996e-01
3.9000000000e+02 1.8996605931e+00 1.4933470590e+00 -1.6530497987e+00
3.9500000000e+02 2.7710984701e+00 1.3001686420e+00 -2.7435720708e+00
4.0000000000e+02 1.7975617661e+00 -9.0712247541e-01 -6.0558373786e-01
4.0500000000e+02 -2.3683378464e-01 -3.9796854895e-03 -2.4648718573e-01
4.1000000000e+02 9.1538021754e-01 -8.9140870896e-01 -9.5643036842e-01
4.1500000000e+02 1.4954780612e+00 3.5667265576e-01 -2.1960812118e+00
4.2000000000e+02 9.3393087099e-01 2.3341847999e-01 -1.8585832217e+00
4.2500000000e+02 1.9533180299e-01 -1.4860195923e-01 -1.7172330694e+00
4.3000000000e+02 7.5701569208e-01 3.5515526580e-01 -5.3933526404e-01
4.3500000000e+02 8.5948061031e-01 -1.3842480055e+00 2.2086861290e+00
4.4000000000e+02 2.6046131585e+00 -7.9951834733e-01 3.7755637080e+00
4.4500000000e+02 1.7111215977e+00 -9.0282694147e-01 1.5007548356e+00
4.5000000000e+02 6.0861990284e-02 2.6547213387e-01 1.0309991435e+00
4.5500000000e+02 5.1649841608e-01 1.4822049375e+00 1.8207434014e+00
4.6000000000e+02 1.9194506018e+00 7.0599993241e-01 1.5339182421e+00
4.6500000000e+02 1.8995509975e+00 -8.0389177701e-02 1.7841588225e+00
4.7000000000e+02 1.7075529105e+00 -1.0721837168e+00 -6.6695498696e-02
4.7500000000e+02 7.3704695232e-01 -2.0992543972e+00 -1.8407116585e+00
4.8000000000e+02 2.1493087419e+00 -8.8996842833e-01 -2.4933982680e+00
4.8500000000e+02 1.0309324556e+00 -8.7042041066e-01 -2.9743212262e+00
4.9000000000e+02 2.8731270374e+00 7.7917247706e-01 -1.4118782239e+00
4.9500000000e+02 2.7741430024e+00 8.2340419750e-01 -2.1578020758e+00
5.0000000000e+02 5.3384502095e-01 -1.8601723529e+00 -1.7181550554e+00
5.0500000000e+02 6.2988894989e-01 -1.8032929915e+00 -7.1995326583e-01
5.1000000000e+02 1.6705171382e+00 -1.1594378421e+00 2.4675800609e+00
5.1500000000e+02 2.2418576179e+00 -1.2910009108e+00 1.7410268258e+00
5.2000000000e+02 2.1949567726e+00 8.9850658863e-01 1.7896446477e+00
5.2500000000e+02 1.9048128716e+00 1.6277441176e+00 -1.8531006674e+00
5.3000000000e+02 3.3298984792e-01 1.0365840476e+00 -1.0052244863e+00
5.3500000000e+02 8.0591296091e-01 9.0204956896e-01 -1.1674311450e+00
5.4000000000e+02 3.0413202227e+00 1.7808783467e+00 -1.1976072145e+00
5.4500000000e+02 4.1616888595e+00 2.0711089090e+00 5.9716889058e-01
5.5000000000e+02 3.5658683846e+00 5.4701327117e-01 -9.0128943739e-01
5.5500000000e+02 3.6464994345e+00 1.0443586453e+00 -7.0123787550e-01
5.6000000000e+02 3.3879659042e+00 8.8441681201e-01 2.9039830486e-01
5.6500000000e+02 3.3741675430e+00 8.3779997994e-01 2.0381424180e+00
5.7000000000e+02 -9.4950450996e-02 6.5459801196e-02 2.1767868321e+00
5.7500000000e+02 -1.2485432782e+00 -2.9699612822e-02 9.2411076196e-01
5.8000000000e+02 -1.6750939425e-01 -8.5853056943e-01 3.2179182519e+00
5.8500000000e+02 2.4293176521e+00 2.2453006329e+00 3.9165199756e+00
5.9000000000e+02 2.1162692660e+00 2.5651155634e+00 3.2544644979e+00
5.9500000000e+02 1.9905702642e+00 2.0381603558e+00 1.0874606021e+00
6.0000000000e+02 1.3753754209e+00 2.3091783144e+00 6.9967058311e-01
6.0500000000e+02 1.3015097257e+00 4.0286270083e-01 1.7353555932e-01
6.1000000000e+02 1.1462710355e+00 -1.4159074032e+00 6.5635929284e-02
6.1500000000e+02 1.7001027121e+00 -3.5174360976e+00 -8.4898154599e-01
6.2000000000e+02 -7.0106805787e-02 -2.9757986305e+00 -9.6379020230e-01
6.2500000000e+02 6.3847714612e-01 -1.3736971912e+00 -9.0476031804e-01
6.3000000000e+02 1.5103233687e-01 -7.7425608987e-01 9.4162778628e-01
6.3500000000e+02 2.0275245990e+00 -2.4065055200e-01 2.3155428306e+00
6.4000000000e+02 2.6428001929e+00 1.0811961311e-01 3.5507294136e+00
6.4500000000e+02 2.4923634023e-01 2.5877433746e+00 3.1299155235e+00
6.5000000000e+02 1.7092253967e+00 3.2519219957e+00 3.6540119677e+00
6.5500000000e+02 2.8176896616e+00 2.4854183041e+00 3.8150911647e+00
6.6000000000e+02 2.9474537771e+00 2.1250475882e+00 9.8957353294e-01
6.6500000000e+02 4.6555419479e+00 2.4479049782e+00 2.7825826818e-01
6.7000000000e+02 2.8192032664e+00 1.2106652818e+00 8.6984657746e-01
6.7500000000e+02 9.4598607475e-01 -8.2762503815e-01 -1.2309282436e+00
6.8000000000e+02 -4.6648575956e-01 2.4256542194e+00 -1.1667519306e+00
6.8500000000e+02 8.7894106607e-01 2.8296968139e+00 -1.1398532101e+00
6.9000000000e+02 1.8005814800e+00 8.3860900356e-01 1.0503096898e+00
6.9500000000e+02 2.0923191733e+00 1.1151087039e+00 1.2080939052e+00
7.0000000000e+02 7.7068437901e-01 3.8487404038e-01 1.3974999734e-01
7.0500000000e+02 2.3880017563e+00 2.8109899424e-01 2.8697578495e-01
7.1000000000e+02 3.5860467093e-01 -1.2937127522e+00 5.7926171469e-01
7.1500000000e+02 2.0451900438e+00 -1.2115462734e+00 -2.8180699284e-01
7.2000000000e+02 1.5741286220e+00 -2.8912092293e+00 5.5586377594e-01
7.2500000000e+02 1.4254805603e+00 -2.3387201862e+00 7.2998157224e-01
7.3000000000e+02 3.4048016535e-01 -6.8299427075e-01 1.7376465769e+00
7.3500000000e+02 3.0330044661e-01 -3.2896441671e+00 6.4036971683e-01
7.4000000000e+02 2.1996846978e+00 -1.9399382523e+00 -9.6488385119e-01
7.4500000000e+02 1.9986472845e+00 -1.3750437490e+00 1.3986535406e+00
7.5000000000e+02 6.9248986091e-01 -3.8791314606e+00 -9.2080442185e-01
7.5500000000e+02 -1.9378827564e-01 -2.6232485361e+00 -1.4547825401e+00
7.6000000000e+02 2.4872707436e+00 2.0131111402e+00 -2.4803964229e-01
7.6500000000e+02 2.8024427191e+00 6.3068191793e-01 -7.0117596490e-02
7.7000000000e+02 1.1622363675e+00 8.2415232198e-01 7.6528607630e-01
7.7500000000e+02 2.3065659088e+00 2.1967167261e-01 8.3220238293e-01
7.8000000000e+02 2.6497072151e+00 -2.2026710919e+00 1.2321429726e+00
7.8500000000e+02 2.4197793526e+00 -1.0743120646e+00 3.4628972827e+00
7.9000000000e+02 2.7773829934e+00 8.2388491739e-01 1.0745117897e+00
7.9500000000e+02 1.9622445489e+00 3.5859901053e-02 1.8214365860e-01
8.0000000000e+02 2.3116423598e+00 2.5931754145e-01 -5.1175288817e-01
8.0500000000e+02 3.4288077815e+00 -1.0254701573e+00 1.6465070737e+00
8.1000000000e+02 2.9430891623e+00 -4.4354786797e-02 1.4250950466e+00
8.1500000000e+02 1.8343213238e+00 -1.4952713745e+00 2.0934673601e+00
8.2000000000e+02 3.8335293082e+00 4.5477992421e-01 -5.5699949901e-01
8.2500000000e+02 2.7632175849e+00 6.7096417492e-01 -1.4250973543e+00
8.3000000000e+02 3.8483596021e+00 -8.2713639115e-01 -2.6931410840e+00
8.3500000000e+02 2.8749801020e+00 1.6740869418e+00 -1.0882441456e+00
8.4000000000e+02 2.5517827002e+00 6.4088546720e-01 -1.3124487237e+00
8.4500000000e+02 3.0056635705e+00 -8.5619279244e-01 -1.8963797174e+00
8.5000000000e+02 2.1536734515e+00 2.1209204739e-01 -1.4935875298e+00
8.5500000000e+02 3.5294751867e+00 1.0036692069e+00 -2.2656321411e+00
8.6000000000e+02 3.6871133918e+00 1.0981193659e+00 -3.1477835884e+00
8.6500000000e+02 2.8764252340e+00 -4.2688277964e-02 -1.7397223762e+00
8.7000000000e+02 1.2505789849e+00 -1.0032385025e+00 1.2989838395e-01
8.7500000000e+02 8.1678504981e-01 -1.5049128512e+00 -5.9120499697e-01
8.8000000000e+02 7.0833397093e-01 -1.9672483071e+00 -2.2639336993e+00
8.8500000000e+02 9.7530800006e-01 -2.1185580718e+00 -1.5516113188e+00
8.9000000000e+02 2.3530385779e+00 -2.2509591137e+00 -1.2104694459e+00
8.9500000000e+02 2.6548059407e+00 2.7866171927e-01 -9.9169072747e-01
9.0000000000e+02 -1.3015084252e-01 1.0840612593e+00 -1.6495402275e+00
9.0500000000e+02 8.3239783871e-01 -1.6614368185e-01 -1.2477820904e+00
9.1000000000e+02 2.0261117462e+00 2.1186064296e-01 1.7803777792e-01
9.1500000000e+02 2.6135000394e+00 8.0500142105e-01 1.1417551717e-01
9.2000000000e+02 1.1149636583e+00 2.0003814748e+00 -2.3474543345e-01
9.2500000000e+02 2.1840750571e+00 1.7436790906e+00 -6.3899807874e-01
9.3000000000e+02 2.4308497122e+00 -4.2107225564e-01 -7.5379432062e-01
9.3500000000e+02 2.6009120257e+00 4.2515610243e-01 2.1045395678e+00
9.4000000000e+02 3.9544857198e+00 2.1681854758e-01 1.7396040611e+00
9.4500000000e+02 3.4345938218e+00 -7.9386974712e-01 1.1469729116e+00
9.5000000000e+02 4.0955737013e+00 1.4546032026e+00 1.6922932101e+00
9.5500000000e+02 3.2832811516e+00 1.2843491240e+00 -3.1478215501e-01
9.6000000000e+02 1.9076408972e+00 -2.8679103486e-01 1.4381247066e-01
9.6500000000e+02 8.1287593458e-01 -1.0643854416e+00 2.4176729181e-01
9.7000000000e+02 4.9788570806e-02 7.3561215451e-01 2.8240694834e-01
9.7500000000e+02 1.6753543647e-01 1.2019930531e+00 -1.3471093338e+00
9.8000000000e+02 -6.5734719018e-02 1.4208413773e+00 -2.2163785246e+00
9.8500000000e+02 1.3271976279e+00 -4.2823804537e-01 -1.4079033068e+00
9.9000000000e+02 1.9921865746e+00 2.5250889278e-01 5.2310761907e-03
9.9500000000e+02 2.5288317202e+00 1.5650971082e+00 1.5270613033e+00
1.0000000000e+03 3.5403004790e+00 -1.6048722844e+00 1.2946037836e+00
