5.0000000000e+00 1.4960187660e+00 -2.6122886337e-01 9.6317604684e-01
1.0000000000e+01 3.3614597720e-01 -5.9697268654e-01 1.1725159565e+00
1.5000000000e+01 1.4986197380e+00 -4.0033576656e-01 4.5948146650e-01
2.0000000000e+01 2.0528188390e+00 -3.4208414809e+00 7.0932371959e-01
2.5000000000e+01 1.5174215609e-01 -3.6436267210e+00 -1.5727830511e+00
3.0000000000e+01 1.5243835298e+00 -3.7847783804e+00 -3.2787804602e-01
3.5000000000e+01 2.0890160924e+00 -1.5173563905e+00 1.7149931825e+00
4.0000000000e+01 -7.5508648338e-01 -2.0682065072e+00 1.3289710858e+00
4.5000000000e+01 -2.4366133043e+00 -2.6240502205e+00 2.9596148579e-01
5.0000000000e+01 -1.4783832818e-01 -1.0141629204e+00 9.0168770719e-01
5.5000000000e+01 1.3591488667e+00 2.6199649568e+00 -1.1433832843e+00
6.0000000000e+01 1.6975217042e+00 8.1726253971e-01 -1.1856494820e+00
6.5000000000e+01 2.3993102744e+00 8.6285088701e-03 -1.0104672123e+00
7.0000000000e+01 1.3247980796e+00 5.2859635699e-01 -1.9646554083e+00
7.5000000000e+01 1.8363918270e-01 2.6923689256e+00 -1.4320435063e+00
8.0000000000e+01 1.3229124934e+00 2.0814778364e+00 4.9403772877e-01
8.5000000000e+01 1.8391115626e+00 7.4033689744e-02 7.6119264056e-01
9.0000000000e+01 2.4800455918e+00 -1.6388892573e+00 9.4815708251e-01
9.5000000000e+01 1.5143631348e+00 3.2661335988e-01 -7.2106944972e-01
1.0000000000e+02 -8.1837760676e-03 2.8041218756e-01 -1.0299086295e+00
1.0500000000e+02 -3.8957087553e-01 2.6341912191e-01 -8.3092151965e-01
1.1000000000e+02 1.0985478975e+00 3.0100888682e+00 1.4732175683e+00
1.1500000000e+02 2.0282200055e+00 1.9778491573e+00 1.3592265674e+00
1.2000000000e+02 1.6684980068e+00 2.4362368273e+00 1.5563903522e+00
1.2500000000e+02 1.8548022416e+00 2.7340768925e+00 2.1241159510e+00
1.3000000000e+02 3.0623375772e+00 2.8365971522e+00 -3.7406322029e-01
1.3500000000e+02 2.8581464293e+00 4.0553954200e+00 -1.0936373014e+00
1.4000000000e+02 1.1775130844e+00 1.8327334617e+00 5.0255728858e-01
1.4500000000e+02 5.2498644228e-01 3.4583568127e+00 -8.1189535610e-01
1.5000000000e+02 1.4633936524e+00 3.0873502379e+00 -1.8152422706e+00
1.5500000000e+02 5.8288051657e-01 3.8073943164e+00 -1.9176022558e+00
1.6000000000e+02 1.2734216405e+00 3.9660453670e+00 -7.0352860534e-02
1.6500000000e+02 1.2410099312e+00 2.8853657769e+00 -2.3007220037e+00
1.7000000000e+02 1.1623079172e+00 1.8945571112e+00 -3.3204467694e+00
1.7500000000e+02 7.2750719376e-01 2.2344492893e+00 -3.1438619931e+00
1.8000000000e+02 1.2356253425e+00 3.5567695004e+00 -2.0345316660e+00
1.8500000000e+02 4.6956485915e-01 2.5570795310e+00 -2.5263611480e+00
1.9000000000e+02 2.4103305593e-01 2.6651859090e+00 -2.5242623879e+00
1.9500000000e+02 4.2382652996e+00 2.5049156593e+00 -4.3064142985e+00
2.0000000000e+02 2.6266625916e+00 1.1922593630e+00 -2.8776095976e+00
2.0500000000e+02 1.8670819766e+00 1.4034663315e+00 -2.7597606726e+00
2.1000000000e+02 2.8735924536e+00 2.1189526603e+00 -9.2880735320e-01
2.1500000000e+02 2.9489074313e+00 3.3790863799e+00 -2.3249548847e+00
2.2000000000e+02 1.1173657675e+00 1.2238153766e+00 -4.1696328374e+00
2.2500000000e+02 1.2997544721e+00 3.3264219695e+00 -4.7893485633e+00
2.3000000000e+02 1.5728576456e+00 2.9923531119e+00 -5.7912941554e+00
2.3500000000e+02 6.2655038311e-01 1.2062421021e+00 -4.3003183431e+00
2.4000000000e+02 2.6296929696e+00 2.1091640697e+00 -3.7529696278e+00
2.4500000000e+02 3.8165668299e+00 3.4591631548e+00 -4.4107206369e+00
2.5000000000e+02 4.1779963490e+00 2.4116332936e+00 -3.5827709193e+00
2.5500000000e+02 1.6631562139e+00 2.1133253927e+00 -4.1015603301e+00
2.6000000000e+02 -3.6737771460e-01 -8.2134714625e-01 -2.5525042123e+00
2.6500000000e+02 1.4169071339e+00 -4.8378500212e-01 -1.1058021404e+00
2.7000000000e+02 2.6379419726e+00 1.2043907621e-01 -4.9070309246e+00
2.7500000000e+02 2.2739136477e+00 1.8890984004e+00 -4.7442657918e+00
2.8000000000e+02 5.0755382847e-01 3.1345755587e+00 -4.8811255705e+00
2.8500000000e+02 1.3571677120e+00 3.1185048963e+00 -5.4032202892e+00
2.9000000000e+02 2.9389917775e-01 2.6261394802e+00 -2.9195621245e+00
2.9500000000e+02 1.8006829770e+00 2.6015413188e+00 -3.7505848400e+00
3.0000000000e+02 1.3144683488e+00 1.1698149481e+00 -2.4590793455e+00
3.0500000000e+02 -1.7562173484e-01 1.7890728438e+00 -4.6456450089e+00
3.1000000000e+02 7.6687321438e-01 -1.8089754988e-01 -4.1677122926e+00
3.1500000000e+02 -5.4288588121e-01 5.5241845517e-01 -3.9447941391e+00
3.2000000000e+02 -3.0393423979e-01 1.3045276631e+00 -5.0949177741e+00
3.2500000000e+02 1.0337824803e-01 4.0203076915e-01 -3.6164507673e+00
3.3000000000e+02 6.1594998830e-01 1.1661565549e+00 -3.9939794826e+00
3.3500000000e+02 -4.5915246505e-02 5.9437388390e-02 -2.0138213816e+00
3.4000000000e+02 2.8978718051e+00 -2.9229927675e-01 -2.7545856890e+00
3.4500000000e+02 3.6527147843e+00 1.1754886591e+00 -1.7685063555e+00
3.5000000000e+02 2.6120919496e+00 2.9894072157e-01 -1.0156847242e+00
3.5500000000e+02 9.8041479152e-01 2.0322884651e+00 -2.2043276716e-01
3.6000000000e+02 1.6515985398e+00 5.3739379242e-01 -2.8742066460e+00
3.6500000000e+02 1.3363965350e+00 -3.5936412424e-02 -4.4326444168e+00
3.7000000000e+02 1.7209264780e+00 -2.9368363694e-01 -3.7002395075e+00
3.7500000000e+02 1.6402553608e+00 2.3976754252e+00 -3.9779724334e+00
3.8000000000e+02 3.2523605299e+00 2.5297621837e+00 -3.8954147825e+00
3.8500000000e+02 9.1371239185e-01 1.4373259556e+00 -3.0041715398e+00
3.9000000000e+02 -8.9809299324e-01 1.6525925534e+00 -2.2292007858e+00
3.9500000000e+02 7.5979919751e-01 2.1158327715e+00 -2.5432468262e+00
4.0000000000e+02 2.4837725549e+00 1.4458986348e+00 -4.0592988559e+00
4.0500000000e+02 5.0852679408e-01 1.2055657103e+00 -3.6409342963e+00
4.1000000000e+02 -9.9151303399e-02 1.3752397010e+00 -2.0861281902e+00
4.1500000000e+02 1.6187480903e+00 2.3921109518e+00 -3.0470511434e+00
4.2000000000e+02 1.6551443372e+00 9.0961192500e-01 -3.6054223649e+00
4.2500000000e+02 1.3235192442e+00 1.0719864154e+00 -3.8533437650e+00
4.3000000000e+02 1.9430537117e+00 1.4411735913e+00 -4.9664358313e+00
4.3500000000e+02 4.8635293700e+00 1.8446310192e+00 -3.1365899395e+00
4.4000000000e+02 2.5413535735e+00 1.7580200978e+00 -1.6791934330e+00
4.4500000000e+02 1.6799454634e+00 2.3819155013e+00 -1.0750804508e+00
4.5000000000e+02 1.0915513709e+00 1.6219335628e+00 -8.2552537415e-01
4.5500000000e+02 2.1348098906e+00 8.7033180947e-01 -3.3625592979e+00
4.6000000000e+02 3.7368093573e-01 3.0179046418e+00 -1.9030494078e+00
4.6500000000e+02 2.1647143387e+00 2.8274961154e+00 -3.6002859343e+00
4.7000000000e+02 2.4749077622e+00 3.6269250955e+00 -2.8079630407e+00
4.7500000000e+02 3.5539300668e+00 4.4700223800e+00 -2.3312009524e+00
4.8000000000e+02 2.2102262527e+00 5.4020561118e+00 -4.6565475565e+00
4.8500000000e+02 1.3755386603e+00 4.4438387555e+00 -3.3649390078e+00
4.9000000000e+02 2.2811675473e+00 4.6035601978e+00 -3.5492534008e+00
4.9500000000e+02 2.1868531451e+00 2.7895216626e+00 -4.0239885284e+00
5.0000000000e+02 1.2081561417e+00 1.6569227648e+00 -4.1393677438e+00
5.0500000000e+02 2.3729365288e+00 2.5549213492e+00 -4.6163102660e+00
5.1000000000e+02 1.0599004268e+00 1.9015273334e+00 -3.4313527131e+00
5.1500000000e+02 3.4068363136e-01 2.4169099470e+00 -4.6729592942e+00
5.2000000000e+02 9.2606527520e-01 1.6867873122e+00 -2.9257955453e+00
5.2500000000e+02 -1.4393148964e+00 1.6418841860e+00 -2.7783098671e+00
5.3000000000e+02 9.8093795441e-01 1.0106005787e+00 -2.3956428098e+00
5.3500000000e+02 1.5267540536e+00 4.4134318993e-01 -2.5257228785e+00
5.4000000000e+02 2.0463621201e+00 1.4638788942e+00 -2.2895605182e+00
5.4500000000e+02 2.5973949733e+00 8.1275532447e-01 -2.0553243412e+00
5.5000000000e+02 1.5065200125e+00 4.0391079537e-01 -3.5866631471e+00
5.5500000000e+02 8.4000870808e-01 -4.8726048861e-01 -3.9290568993e+00
5.6000000000e+02 9.9852415152e-01 1.1423901684e+00 -2.2996303488e+00
5.6500000000e+02 1.4832423550e+00 3.0884592076e+00 -3.0325141257e+00
5.7000000000e+02 -1.3881490475e-01 2.6146282595e+00 -2.9569414737e+00
5.7500000000e+02 6.3395160366e-01 7.3239992221e-01 -3.4909930798e+00
5.8000000000e+02 -3.1284350834e-01 1.1223065541e+00 -3.4491655875e+00
5.8500000000e+02 4.6656515151e-01 1.0183080477e-01 -2.5611480571e+00
5.9000000000e+02 1.7806068939e-01 1.4621759936e+00 -2.3092001383e+00
5.9500000000e+02 7.1329625197e-01 2.0594196382e+00 -4.8188621345e-01
6.0000000000e+02 9.0745636664e-01 2.9559262407e+00 -1.9658340472e+00
6.0500000000e+02 1.5947680035e+00 3.1178498366e+00 -2.9621396178e+00
6.1000000000e+02 3.4647089628e+00 2.5616252071e+00 -3.0150997102e+00
6.1500000000e+02 9.8753278143e-01 2.3974037764e+00 -3.9110306316e+00
6.2000000000e+02 9.6062895551e-01 2.4952630715e+00 -5.2055552283e+00
6.2500000000e+02 1.8711709711e+00 1.8602715718e+00 -4.6562449483e+00
6.3000000000e+02 1.0489043956e+00 1.2695205985e+00 -4.5768021256e+00
6.3500000000e+02 6.1884914088e-01 2.7203773452e-01 -4.0762147380e+00
6.4000000000e+02 1.1477467278e+00 1.1153507511e+00 -3.8733154330e+00
6.4500000000e+02 1.7190396449e+00 1.7900491545e+00 -3.0419074820e+00
6.5000000000e+02 4.6071449116e-01 2.3678924897e+00 -1.3681760369e+00
6.5500000000e+02 8.2824297369e-01 2.0351758080e+00 -1.7348220948e+00
6.6000000000e+02 1.9129594220e+00 1.2533050849e+00 -2.2888936420e+00
6.6500000000e+02 1.0668742695e+00 2.0717062584e+00 -2.2032610840e+00
6.7000000000e+02 -8.4272997684e-01 9.9217928872e-01 -2.2020664059e+00
6.7500000000e+02 -3.4861821256e-01 1.5552527610e+00 -3.0185432962e+00
6.8000000000e+02 3.8690407641e-01 1.1983279761e+00 -3.6236735859e+00
6.8500000000e+02 9.7369964423e-01 6.9931773966e-01 -3.1121373020e+00
6.9000000000e+02 1.4482729551e+00 9.7200049265e-01 -1.9988180941e+00
6.9500000000e+02 2.0236414819e+00 2.1462399645e+00 -1.5795277729e+00
7.0000000000e+02 1.2052239318e+00 1.6583688109e+00 -8.7126794280e-01
7.0500000000e+02 4.3404813745e-02 2.2440956949e+00 -1.0520178528e+00
7.1000000000e+02 -5.3301098605e-01 2.5289690822e+00 -1.7486133984e+00
7.1500000000e+02 -4.1766726813e-01 2.7231724404e+00 -2.1174413654e+00
7.2000000000e+02 -4.1213837471e-01 1.5799382073e+00 -3.0360479294e+00
7.2500000000e+02 1.1065739207e+00 1.7884128546e+00 -3.1266185873e+00
7.3000000000e+02 1.2928406447e+00 1.2400008536e+00 -2.1459286266e+00
7.3500000000e+02 1.6173018316e+00 2.1008108831e+00 -2.1360518708e+00
7.4000000000e+02 1.6747422605e+00 1.8254731527e+00 -1.2194774433e-03
7.4500000000e+02 1.8090284946e+00 2.2375709697e+00 2.5847037957e-01
7.5000000000e+02 1.1205854634e+00 2.3367550600e+00 -2.8266579368e-01
7.5500000000e+02 2.5424394384e+00 2.8469611540e+00 -5.5399568284e-01
7.6000000000e+02 2.8378491347e+00 2.1082683765e+00 -2.2153286745e+00
7.6500000000e+02 1.9257190500e+00 3.1846924152e+00 -3.0224210029e+00
7.7000000000e+02 1.7805926605e+00 2.2489126759e+00 -3.2328733421e+00
7.7500000000e+02 1.7702287326e+00 2.6957222850e+00 -1.9434996995e+00
7.8000000000e+02 1.1564349632e+00 2.3650191930e+00 -6.7398263224e-01
7.8500000000e+02 1.5603623313e+00 2.7309468978e+00 -8.3836596215e-01
7.9000000000e+02 1.1938676183e+00 2.1741686005e+00 -7.6032270910e-01
7.9500000000e+02 6.5269591303e-01 2.3452360930e+00 -4.3468692449e-01
8.0000000000e+02 4.8274769537e-01 2.4567429060e+00 -1.2930274666e+00
8.0500000000e+02 -2.9348109644e-01 1.1660379755e+00 -1.5039172995e+00
8.1000000000e+02 7.7320096647e-01 1.1050315012e+00 -1.4693674544e+00
8.1500000000e+02 1.7036936111e-01 1.4174480985e+00 -2.5978850928e-01
8.2000000000e+02 5.5565290888e-01 2.6294531720e+00 -8.5948659347e-01
8.2500000000e+02 6.0532556845e-01 2.2058041580e+00 -2.9285887313e-01
8.3000000000e+02 -1.8552319337e-01 2.5980882592e+00 5.3140053841e-02
8.3500000000e+02 -9.9275476299e-01 2.0206681590e+00 1.7299909090e-01
8.4000000000e+02 -8.0299415961e-01 1.5568684852e+00 4.7694474794e-01
8.4500000000e+02 -1.0081265902e+00 1.7812275220e+00 9.3721404051e-01
8.5000000000e+02 -5.4512197132e-01 8.1473809641e-01 4.9577998697e-01
8.5500000000e+02 -6.2199261419e-01 1.9006865049e+00 6.0216570321e-01
8.6000000000e+02 -3.3199753385e-01 5.1453051989e-01 3.6703509889e-01
8.6500000000e+02 -6.3771963920e-01 -2.0828704841e-01 -2.4405531846e-01
8.7000000000e+02 1.7785620907e-01 -1.3948166365e-01 -8.4353378802e-01
8.7500000000e+02 -3.5294211693e-01 4.4745894353e-02 -9.8780120616e-01
8.8000000000e+02 1.6795307718e-01 8.6450903077e-01 -1.3236957086e+00
8.8500000000e+02 1.1778010141e+00 3.5763990557e-01 3.5164362470e-01
8.9000000000e+02 4.9935736888e-01 1.4399021601e+00 7.8236845387e-01
8.9500000000e+02 3.9071089478e-01 1.2384327473e+00 5.9657718972e-01
9.0000000000e+02 3.0903923800e-01 1.0223211504e+00 -1.1931143620e-01
9.0500000000e+02 -5.3706391464e-01 8.1397695912e-01 -8.0393488234e-01
9.1000000000e+02 -7.6078700913e-01 -1.5647327036e-01 -6.6967482625e-01
9.1500000000e+02 1.1181342668e+00 3.4616621881e-01 8.2783485786e-01
9.2000000000e+02 1.4965515066e+00 1.3510178495e-01 -3.5497914486e-01
9.2500000000e+02 7.2593147821e-01 -7.8603877895e-01 -4.4502495042e-01
9.3000000000e+02 1.5094792857e+00 -3.5359244969e-01 -8.5465407860e-01
9.3500000000e+02 2.4911390063e+00 -3.4764132780e-01 -7.1823674466e-01
9.4000000000e+02 1.9683195723e+00 5.8835765090e-02 -1.0024626944e+00
9.4500000000e+02 5.4962436940e-01 -1.7254856733e-01 -7.4916870110e-01
9.5000000000e+02 -1.1521692782e-01 1.8179246477e-01 -7.5438969685e-01
9.5500000000e+02 8.2917323497e-03 -8.6557193684e-03 -2.7851177531e-01
9.6000000000e+02 -3.0802782618e-04 -8.8911804229e-02 2.7031171506e-01
9.6500000000e+02 8.1162588779e-01 2.1884391727e-01 1.6316760140e-02
9.7000000000e+02 1.3322717223e+00 9.9433452616e-01 4.1218530899e-01
9.7500000000e+02 1.9880826689e+00 2.0267990277e+00 1.0373612122e-01
9.8000000000e+02 2.0815468060e+00 1.7690812894e+00 3.6516809123e-02
9.8500000000e+02 9.5910735269e-01 5.1344135987e-01 8.1997155232e-02
9.9000000000e+02 4.0196462308e-01 3.1663417351e-01 -6.8259230798e-01
9.9500000000e+02 3.0629776670e-01 8.9975870744e-01 -6.9038582668e-01
1.0000000000e+03 2.1889007552e+00 1.9452927772e+00 -5.0737386833e-01
