5.0000000000e+00 -1.8500865044e+00 -6.5112518498e-02 7.4869769721e-01
1.0000000000e+01 9.7995229060e-03 1.4080582492e-01 -1.3993094093e-01
1.5000000000e+01 -5.4745727598e-01 9.7974829710e-01 1.3964080005e+00
2.0000000000e+01 1.7584899501e+00 1.1442420084e+00 9.5098888507e-01
2.5000000000e+01 -1.9818087167e+00 6.1698394557e-01 8.3057322716e-01
3.0000000000e+01 -3.0434123748e-01 -1.0412390375e+00 -1.3153178472e+00
3.5000000000e+01 1.4198437369e-01 -1.1529423519e+00 -1.8650746170e-03
4.0000000000e+01 8.8505396853e-01 -4.3671596743e-01 -1.4034460467e+00
4.5000000000e+01 1.2194630450e+00 4.6020951153e-02 -1.3337138963e+00
5.0000000000e+01 2.1550805163e+00 -4.9752039758e-01 1.3103692302e+00
5.5000000000e+01 4.6111539970e+00 3.8108524282e-01 1.0199108498e+00
6.0000000000e+01 3.7936507010e+00 8.6146471200e-01 -1.5764666941e-01
6.5000000000e+01 4.8151460656e-01 6.2296077704e-01 -1.1124384924e-01
7.0000000000e+01 -1.6030818658e-01 -1.1149766900e+00 1.3260428786e-01
7.5000000000e+01 9.2806016165e-01 -1.1137889796e+00 -1.6416328752e+00
8.0000000000e+01 8.9879165620e-01 -2.5145079079e+00 -9.6037397156e-01
8.5000000000e+01 2.7288764834e-01 -2.7271460451e+00 1.8048712587e-01
9.0000000000e+01 -4.7016932103e-01 -2.0381798168e+00 6.5224372570e-01
9.5000000000e+01 -6.7424921932e-01 -2.1053043105e+00 -1.7888573792e+00
1.0000000000e+02 1.3636952333e+00 -1.6493171777e+00 1.8121442910e+00
1.0500000000e+02 1.4974388099e+00 -1.2469783125e+00 5.0025703723e-01
1.1000000000e+02 6.3065856327e-01 5.6854971721e-01 1.9988400813e+00
1.1500000000e+02 2.4701943243e+00 9.1333927120e-01 -1.1546552755e+00
1.2000000000e+02 2.5156086572e+00 1.1507859357e+00 3.9144778854e-01
1.2500000000e+02 2.6006018560e+00 1.3773912540e+00 2.5204826049e-01
1.3000000000e+02 3.3483473752e+00 1.7863843790e+00 1.2915272627e+00
1.3500000000e+02 1.9768857058e+00 2.7959640045e+00 2.0138056521e+00
1.4000000000e+02 1.7982033902e+00 -7.4013891287e-01 1.7776705556e+00
1.4500000000e+02 2.1643430952e+00 7.5303916961e-01 3.7630398709e-01
1.5000000000e+02 3.0461385536e+00 -1.4605532447e+00 -1.3779146047e+00
1.5500000000e+02 3.3771729450e+00 -1.8358376150e-01 -1.4588220891e+00
1.6000000000e+02 2.1015776577e+00 1.1268237332e+00 5.4786765679e-01
1.6500000000e+02 2.1989171364e+00 1.2242495607e+00 -1.7788083164e+00
1.7000000000e+02 2.2767091416e+00 1.7417181800e+00 -2.5840010525e+00
1.7500000000e+02 1.8476631547e+00 2.9864085141e+00 -3.1118588605e+00
1.8000000000e+02 3.2445732922e+00 2.8194113817e+00 -4.9265966852e+00
1.8500000000e+02 2.2508047947e+00 1.6856480362e+00 -4.2099065068e+00
1.9000000000e+02 3.0449094328e-01 -2.0086299321e+00 -4.1281653250e+00
1.9500000000e+02 9.8606683727e-01 -1.7222736490e-01 -3.0697167094e+00
2.0000000000e+02 7.0183819583e-01 1.7679553573e+00 -2.9121205023e+00
2.0500000000e+02 -1.6805546150e+00 4.1742325890e+00 -1.9806048893e+00
2.1000000000e+02 -9.1678083702e-01 2.8298665299e+00 -1.4998247817e+00
2.1500000000e+02 8.5121117258e-01 1.0380302137e+00 -4.6246518399e-01
2.2000000000e+02 2.4750454347e+00 2.5373428604e-01 -1.2497055572e+00
2.2500000000e+02 1.6449738274e+00 -3.1275130426e-01 -2.1354472944e+00
2.3000000000e+02 1.9095695740e+00 1.4364173796e+00 -1.6219772909e+00
2.3500000000e+02 2.3169352462e+00 2.8817965522e+00 -1.1149442968e+00
2.4000000000e+02 2.1274821348e+00 4.8407229858e+00 -2.2091862735e+00
2.4500000000e+02 3.4155821523e+00 4.8108538910e+00 -2.4047684786e+00
2.5000000000e+02 2.5978226117e+00 4.7435638108e+00 -1.4015435951e+00
2.5500000000e+02 1.3628181183e+00 3.7393440299e+00 -3.0561256620e+00
2.6000000000e+02 1.5956793246e+00 2.1596245029e+00 -2.3360822146e+00
2.6500000000e+02 2.1582302345e+00 1.3837898284e+00 -2.9308969090e+00
2.7000000000e+02 3.9584634572e+00 4.2445796515e+00 -3.7561098434e+00
2.7500000000e+02 3.6616890082e+00 4.1142032107e+00 -3.2558833559e+00
2.8000000000e+02 6.7514815469e-01 1.9550599230e+00 -1.5058024811e+00
2.8500000000e+02 -4.6494683711e-01 2.3280149491e+00 -2.8005169552e+00
2.9000000000e+02 3.6839129876e-01 2.5828822600e+00 -2.6756224008e+00
2.9500000000e+02 -8.5781768154e-02 7.7216119888e-01 -2.6260948113e+00
3.0000000000e+02 -8.0474265836e-01 9.7876008122e-01 -4.1493601114e+00
3.0500000000e+02 -1.0426387116e+00 1.9350597955e+00 -3.8431132823e+00
3.1000000000e+02 -8.5017070257e-02 3.2872438177e+00 -4.6369187073e+00
3.1500000000e+02 1.4370371720e-01 2.5703696954e+00 -3.7783998407e+00
3.2000000000e+02 -3.6990372423e-01 1.1026834229e+00 -4.2614047478e+00
3.2500000000e+02 1.1635446363e-01 -4.9724146999e-01 -5.3455078365e+00
3.3000000000e+02 1.7318345069e-01 -2.4475669901e+00 -4.5846883950e+00
3.3500000000e+02 -8.3209185909e-01 -1.3244730617e+00 -3.0173062290e+00
3.4000000000e+02 -6.7973841688e-01 -2.7320879605e-01 -5.5925713244e+00
3.4500000000e+02 5.2859953154e-01 2.1450379948e-01 -4.1451085382e+00
3.5000000000e+02 -4.1066519931e-01 5.9352594190e-01 -4.4033461024e+00
3.5500000000e+02 1.5446966040e-01 7.7909952574e-01 -4.0263144740e+00
3.6000000000e+02 7.2770311849e-01 2.0669055979e-01 -3.0673126380e+00
3.6500000000e+02 1.7643968466e+00 1.0929133180e+00 -4.2648651104e+00
3.7000000000e+02 1.5216857959e+00 1.5945037421e+00 -4.2790100919e+00
3.7500000000e+02 1.3659108680e+00 2.9661581826e+00 -3.9191118819e+00
3.8000000000e+02 1.8742096815e+00 2.6399129115e+00 -3.4452622783e+00
3.8500000000e+02 1.5597926136e+00 1.5715207175e+00 -2.8476799731e+00
3.9000000000e+02 5.9527645980e-01 2.2555656983e+00 -3.1157497096e+00
3.9500000000e+02 -1.1442486255e+00 3.2352023617e+00 -3.4097827885e+00
4.0000000000e+02 1.0383934111e+00 3.8880549434e+00 -2.0493214377e+00
4.0500000000e+02 1.0728590050e+00 4.0099135874e+00 -9.0432343188e-01
4.1000000000e+02 1.9984658177e+00 3.1051087808e+00 -7.3774109534e-01
4.1500000000e+02 1.2943676898e+00 2.6360300362e+00 -1.8485772909e+00
4.2000000000e+02 7.1928217518e-01 9.3118344898e-02 -1.0713517469e+00
4.2500000000e+02 -9.0895143452e-01 -2.0166384297e-01 -1.2979142757e+00
4.3000000000e+02 -4.1803007236e-01 3.0672651037e+00 -1.5257778451e+00
4.3500000000e+02 -2.5274848831e-02 2.0014578832e+00 -3.8327419682e+00
4.4000000000e+02 6.8245523368e-01 2.8428127925e+00 -4.1515220543e+00
4.4500000000e+02 8.3551708285e-01 1.6882294286e+00 -3.2950559278e+00
4.5000000000e+02 -4.1983017822e-01 6.3779517434e-01 -3.4488955744e+00
4.5500000000e+02 1.2712611548e+00 1.5065598463e+00 -1.5363383179e+00
4.6000000000e+02 5.0585124749e-01 1.8762041264e+00 -2.8319480047e+00
4.6500000000e+02 -4.4657560155e-01 1.8640461619e+00 -4.9731101738e+00
4.7000000000e+02 1.4064361423e+00 2.1017150457e+00 -3.0057539129e+00
4.7500000000e+02 3.1685763553e+00 3.4061939791e+00 -3.2495535756e+00
4.8000000000e+02 1.7348008539e+00 4.0489228851e+00 -3.4206071078e+00
4.8500000000e+02 2.3060209373e+00 2.6332810331e+00 -2.3386557841e+00
4.9000000000e+02 3.0932612919e+00 2.9601587910e+00 -4.4358024173e-01
4.9500000000e+02 2.9964781173e+00 2.4389272179e+00 -1.4378259790e+00
5.0000000000e+02 1.8918324444e+00 2.3677366685e+00 -7.8460817927e-01
5.0500000000e+02 1.2117421012e+00 2.4101180484e+00 -1.7380091893e+00
5.1000000000e+02 1.1153423933e-01 1.2437374029e+00 -2.0836000307e+00
5.1500000000e+02 -1.1619441546e+00 2.2564344904e+00 -3.4070752510e+00
5.2000000000e+02 2.4257456180e-01 8.8166282995e-01 -3.6195380424e+00
5.2500000000e+02 6.0058886789e-01 2.6849408552e+00 -3.2202480277e+00
5.3000000000e+02 9.6060772175e-01 1.4995552308e+00 -2.3715482851e+00
5.3500000000e+02 1.8021823391e-01 1.5017541341e+00 -3.2738844074e+00
5.4000000000e+02 -9.7759278829e-01 1.2699498149e+00 -2.8051696744e+00
5.4500000000e+02 1.2764908765e+00 2.6855441808e+00 -2.6215220638e+00
5.5000000000e+02 1.5820124900e+00 3.1836455125e+00 -2.8085425952e+00
5.5500000000e+02 1.6252941256e+00 2.4954480753e+00 -2.2682640457e+00
5.6000000000e+02 1.8514760410e+00 2.6086466665e+00 -2.6068358688e+00
5.6500000000e+02 9.0240126130e-01 2.0998349496e+00 -6.5733019853e-01
5.7000000000e+02 4.3821939418e-01 4.0600534093e+00 -8.8462534596e-01
5.7500000000e+02 -1.2037563596e-01 3.4882943881e+00 3.7433202890e-02
5.8000000000e+02 -4.3110130385e-02 3.8931230002e+00 -2.0835844058e+00
5.8500000000e+02 1.0902722400e+00 4.0610216085e+00 -3.0062341172e+00
5.9000000000e+02 7.6527089541e-01 3.6934547325e+00 -3.6395376661e+00
5.9500000000e+02 4.9352949697e-01 5.2419389985e+00 -2.7412303547e+00
6.0000000000e+02 -2.4413377482e-01 3.6658262006e+00 -2.5422005202e+00
6.0500000000e+02 4.8135900666e-01 3.2505686271e+00 -1.9092542064e+00
6.1000000000e+02 1.2730215430e+00 3.0233691021e+00 -1.2255289689e+00
6.1500000000e+02 2.1792227264e+00 2.2062145673e+00 -2.9505035550e+00
6.2000000000e+02 5.7930260169e-01 3.2458271058e+00 -2.5835016132e+00
6.2500000000e+02 2.1117926709e+00 4.8136131747e+00 -3.2196006450e+00
6.3000000000e+02 1.2906213971e+00 4.5901055828e+00 -3.6334416830e+00
6.3500000000e+02 1.6340030148e+00 4.6067655190e+00 -3.2341600872e+00
6.4000000000e+02 1.0455380236e+00 3.9084270697e+00 -3.2277266941e+00
6.4500000000e+02 3.3901174818e-01 4.4873779755e+00 -1.5745709732e+00
6.5000000000e+02 -4.9475962305e-01 3.6487607717e+00 -1.3209689507e+00
6.5500000000e+02 1.0591892875e+00 2.5313907135e+00 -2.3514925752e+00
6.6000000000e+02 1.6960269617e+00 2.9158065840e+00 -1.9615604704e+00
6.6500000000e+02 2.3162048227e+00 1.9083290585e+00 -1.9430283661e+00
6.7000000000e+02 1.5731935321e+00 1.5914709729e+00 -1.1626811143e+00
6.7500000000e+02 7.3659288531e-01 1.1888856703e+00 -1.2057418264e-01
6.8000000000e+02 -2.9485738788e-03 1.3057808895e+00 -5.6251303092e-02
6.8500000000e+02 -3.0049259754e-01 2.1291051041e+00 -1.3011543640e+00
6.9000000000e+02 2.4023210019e-01 2.9772607717e+00 -2.6183969022e+00
6.9500000000e+02 1.3224901522e+00 3.3223348716e+00 -3.9882903815e+00
7.0000000000e+02 1.7032859985e+00 2.4672869401e+00 -3.3966041308e+00
7.0500000000e+02 7.6421666567e-01 2.4910348635e+00 -4.1530036170e+00
7.1000000000e+02 1.2345215051e+00 1.7911982326e+00 -4.1844621829e+00
7.1500000000e+02 2.0855560667e+00 1.6542310923e+00 -4.0125579151e+00
7.2000000000e+02 1.9340966724e+00 1.8681414498e+00 -2.1454106102e+00
7.2500000000e+02 1.3295974572e+00 2.3389545620e+00 -1.9415261123e+00
7.3000000000e+02 2.4510410133e+00 1.5108138850e+00 -1.2758993270e+00
7.3500000000e+02 1.4836721468e+00 9.3933934129e-01 -1.1101026950e+00
7.4000000000e+02 1.0048845208e+00 7.1325418585e-01 -2.3186036395e+00
7.4500000000e+02 1.5490463731e+00 1.1699676612e+00 -3.7514243823e+00
7.5000000000e+02 1.1284339583e+00 1.4473196239e+00 -4.6535628179e+00
7.5500000000e+02 1.1527449362e+00 2.7666795822e+00 -4.5118883018e+00
7.6000000000e+02 2.3361247598e+00 3.2186366089e+00 -4.4978610924e+00
7.6500000000e+02 1.5398505066e+00 1.7132890693e+00 -3.7163734167e+00
7.7000000000e+02 4.0609686804e-01 5.4166497217e-01 -3.4973876897e+00
7.7500000000e+02 6.2299235774e-01 -7.7185635403e-01 -3.6516049744e+00
7.8000000000e+02 1.4659621280e+00 3.6630440758e-01 -4.2260129575e+00
7.8500000000e+02 1.4505987349e+00 6.2674731238e-01 -3.7688472609e+00
7.9000000000e+02 2.3115985857e+00 1.1991434502e+00 -3.7425236480e+00
7.9500000000e+02 9.1631699517e-01 1.8664287472e+00 -4.4075591602e+00
8.0000000000e+02 1.0965891193e+00 2.8461400383e+00 -4.1069956847e+00
8.0500000000e+02 1.2414868160e-01 2.4079743582e+00 -3.5552214930e+00
8.1000000000e+02 3.0142147138e-01 1.8237558815e+00 -2.7569535133e+00
8.1500000000e+02 3.1479936064e-01 1.5205064672e+00 -3.0310105768e+00
8.2000000000e+02 3.0079873489e-01 4.7367666222e-01 -2.8040123959e+00
8.2500000000e+02 5.5693595022e-01 -1.0684260096e+00 -2.2525748139e+00
8.3000000000e+02 5.5524931115e-01 -9.8015773724e-01 -1.4244177689e+00
8.3500000000e+02 2.4308308935e+00 -4.4837144153e-01 -1.1714767660e+00
8.4000000000e+02 1.7230708702e+00 -1.4355312314e-01 -2.0254751131e+00
8.4500000000e+02 9.1376656055e-01 -5.7969266534e-01 -1.6369933657e+00
8.5000000000e+02 8.1260694953e-01 -3.2157192303e-01 -2.3834909754e+00
8.5500000000e+02 1.5305213761e+00 -8.1195175417e-01 -2.2036051924e+00
8.6000000000e+02 2.0440664076e-01 1.8418050934e-01 -2.7197888692e+00
8.6500000000e+02 -2.1109372666e-01 2.5713973071e-01 -2.6322635082e+00
8.7000000000e+02 7.4245116642e-01 1.5496634551e+00 -1.7056198702e+00
8.7500000000e+02 1.1917173772e-01 4.5146792952e-01 -1.4138541732e+00
8.8000000000e+02 9.9674194851e-01 4.2946536970e-01 -7.4543050600e-01
8.8500000000e+02 1.5262232687e+00 1.1617652759e-03 -1.0847280334e+00
8.9000000000e+02 2.1954754356e+00 -1.1579384087e+00 -7.0356624428e-01
8.9500000000e+02 3.6378228121e+00 -1.5711877547e-01 -2.4120384291e-01
9.0000000000e+02 2.9044758702e+00 1.9558852795e-01 -1.1172690725e+00
9.0500000000e+02 2.4746417546e+00 3.4374272468e-01 -1.3558396757e+00
9.1000000000e+02 1.3495064351e+00 2.4272651203e-01 -8.6364816692e-01
9.1500000000e+02 8.7436735487e-01 4.5587262371e-01 -1.1566793266e+00
9.2000000000e+02 3.3320237292e-01 1.3111708637e-01 -1.5871822459e+00
9.2500000000e+02 1.3287633875e+00 1.2455053437e+00 -2.0064426386e+00
9.3000000000e+02 1.7695089029e+00 1.4454336017e+00 -6.0545595188e-01
9.3500000000e+02 1.5359558487e+00 1.3116067241e+00 -1.0558518194e+00
9.4000000000e+02 1.0578622783e+00 1.4389028834e+00 -8.3188697918e-01
9.4500000000e+02 4.1643852893e-01 1.1314815672e+00 -2.4322758116e+00
9.5000000000e+02 2.8782142580e-02 1.1446085900e+00 -1.3538646999e+00
9.5500000000e+02 3.6706288356e-01 1.1733440702e+00 -9.0157660879e-01
9.6000000000e+02 -3.1945904922e-02 9.0173897667e-01 -6.8590100508e-01
9.6500000000e+02 4.8079184951e-01 6.1392584394e-01 -1.3729781080e+00
9.7000000000e+02 -4.8667207489e-02 9.9148688518e-01 -2.0073059089e+00
9.7500000000e+02 -9.5618118061e-02 -8.0759675898e-01 -1.1201497284e+00
9.8000000000e+02 3.1627747151e-01 -7.4861329195e-01 -4.7461492215e-01
9.8500000000e+02 5.6871407126e-01 -5.7523767905e-01 -6.8140529036e-01
9.9000000000e+02 6.1079065795e-01 -5.6241397063e-01 -6.5831574659e-01
9.9500000000e+02 8.8857614318e-01 -2.1383421501e-01 -3.3915269370e-01
1.0000000000e+03 1.0434030658e+00 -5.9895898474e-01 -1.2894634668e+00
