5.0000000000e+00 2.9658739096e-01 3.6649894496e+00 5.7062173157e-01
1.0000000000e+01 8.2953838143e-01 3.9650530864e+00 -5.4111158686e-02
1.5000000000e+01 8.5010651263e-01 1.9546108551e+00 7.4213476619e-01
2.0000000000e+01 5.6542834914e-01 -9.3816173703e-01 -4.5487077731e-01
2.5000000000e+01 9.1632228202e-03 3.4787270961e-01 -1.4346276404e+00
3.0000000000e+01 5.7427058042e-01 2.1112194777e+00 -2.3951026887e+00
3.5000000000e+01 3.1179844804e+00 1.7847424224e-01 -2.2439427617e+00
4.0000000000e+01 2.1295974742e+00 -1.2849620062e+00 -2.3275729484e+00
4.5000000000e+01 7.6925957173e-01 8.3616069949e-01 -3.0341584072e+00
5.0000000000e+01 2.3596826883e+00 4.8041522716e-01 -5.8509502989e-02
5.5000000000e+01 2.4037551491e+00 1.7449430439e-01 1.5316868275e+00
6.0000000000e+01 1.8809701340e+00 -1.7209975392e+00 -1.4870152408e+00
6.5000000000e+01 -5.1793786962e-01 -1.2671085541e+00 7.2568338819e-02
7.0000000000e+01 6.3362407961e-01 -1.5717560176e+00 -3.4287964744e-01
7.5000000000e+01 -1.3745177772e-02 -2.7562027581e-01 -3.9262122648e-01
8.0000000000e+01 1.0273362535e-01 6.9205890722e-01 -3.1580406974e-02
8.5000000000e+01 -1.7748300889e-01 7.5809965745e-01 3.9761214606e-01
9.0000000000e+01 -7.1911221817e-01 -7.9600468438e-01 -8.8858206640e-01
9.5000000000e+01 1.7730772296e-01 -4.0367317406e+00 -2.2126765053e+00
1.0000000000e+02 -1.0085105880e+00 -1.1674097909e+00 -2.1812623449e+00
1.0500000000e+02 -1.1363576561e+00 -7.7437172834e-01 -3.4721721657e+00
1.1000000000e+02 -8.4019731016e-01 -5.2030703534e-01 -1.2606384547e+00
1.1500000000e+02 -6.7837755507e-01 3.1244395193e-01 -2.7849396451e+00
1.2000000000e+02 -5.9134332799e-01 -4.0636359942e-02 -3.0229389743e+00
1.2500000000e+02 1.2974397982e-01 -1.5743015164e-01 -1.0468028016e+00
1.3000000000e+02 -9.2211580348e-01 3.0577709436e-01 -5.9302780876e-01
1.3500000000e+02 -1.3547966879e-01 1.4508896141e+00 -3.1652343409e+00
1.4000000000e+02 -1.0871558413e+00 -4.0216603041e-01 -1.2306445839e+00
1.4500000000e+02 -1.3913343361e-01 9.4542072687e-02 -2.5561110266e+00
1.5000000000e+02 1.2633013957e-01 2.6568279398e-01 -2.6079408680e+00
1.5500000000e+02 -1.3216512085e-01 1.0012996489e+00 -9.9100844116e-01
1.6000000000e+02 2.1125529670e+00 2.0554092090e+00 -2.0935191247e+00
1.6500000000e+02 3.6238562008e-01 3.5326720482e+00 -2.9413174745e+00
1.7000000000e+02 8.1624743533e-02 5.0613681009e+00 -5.8698366506e+00
1.7500000000e+02 -1.4250986070e+00 2.7930721738e+00 -3.6348119906e+00
1.8000000000e+02 -1.8550537926e-02 8.0987836631e-01 -2.0385015394e+00
1.8500000000e+02 2.2679397444e+00 2.1248281386e+00 -3.3387364287e+00
1.9000000000e+02 3.5015169811e+00 6.6819620626e-01 -2.9966485603e+00
1.9500000000e+02 1.8453899242e+00 5.1626100845e-01 -2.0475767957e+00
2.0000000000e+02 2.4851649357e+00 -2.6990224632e-01 -1.6499926206e+00
2.0500000000e+02 1.8489624652e+00 5.7029758991e-02 -2.0998647172e+00
2.1000000000e+02 5.6807240972e-01 2.4457202021e-01 -8.7524977808e-01
2.1500000000e+02 4.7802790411e-01 1.4865686564e+00 -1.1745397906e+00
2.2000000000e+02 -3.1476782935e-01 5.0924963097e-01 -2.0129184755e+00
2.2500000000e+02 -5.9242879807e-01 1.1601875851e+00 -4.0067524494e+00
2.3000000000e+02 1.9984829036e-01 6.8828346772e-01 -3.1838745235e+00
2.3500000000e+02 2.2282598850e+00 9.5879247619e-01 -4.3747974991e+00
2.4000000000e+02 4.6805058931e-02 6.7303372717e-01 -1.7375603537e+00
2.4500000000e+02 1.9945970025e+00 2.0466936624e+00 -1.9331789071e+00
2.5000000000e+02 1.7206916527e+00 8.1573731545e-01 -1.9662329241e+00
2.5500000000e+02 6.1630036920e-01 2.2099529243e+00 -2.5131229167e+00
2.6000000000e+02 8.5320985403e-01 2.9099150505e+00 -2.1422876637e+00
2.6500000000e+02 -2.1357041602e-01 3.4384587327e+00 -2.6028597939e+00
2.7000000000e+02 4.4299132851e-01 3.4340243601e+00 -3.5480317283e+00
2.7500000000e+02 7.6310272277e-01 1.9347586725e+00 -2.9733955791e+00
2.8000000000e+02 -2.7400969174e-01 2.3453972389e+00 -1.2778102263e+00
2.8500000000e+02 1.5999591839e+00 3.9376082590e+00 -2.5172209560e+00
2.9000000000e+02 1.1135863469e+00 3.2639816292e+00 -1.0378511045e+00
2.9500000000e+02 3.4840344369e+00 4.9249424880e-01 -2.8795036607e+00
3.0000000000e+02 2.7586778737e+00 -2.0541205171e-01 -3.7723836678e+00
3.0500000000e+02 2.0847057121e+00 -7.8412540215e-01 -4.8346905105e+00
3.1000000000e+02 2.1707916126e+00 -1.6745259766e+00 -4.4476021385e+00
3.1500000000e+02 1.4591075001e+00 4.9976491332e-01 -4.4211257458e+00
3.2000000000e+02 1.3407877480e+00 7.2247659776e-01 -6.3548009745e+00
3.2500000000e+02 3.8281702944e+00 3.9558259786e-01 -4.1195702588e+00
3.3000000000e+02 3.6902779288e+00 1.6981388730e+00 -4.2835549478e+00
3.3500000000e+02 3.8850638322e+00 9.1241676823e-01 -6.3381789012e+00
3.4000000000e+02 3.1646157678e+00 1.3036542448e+00 -6.6126220887e+00
3.4500000000e+02 9.5956316667e-01 1.3283070932e+00 -5.9922601358e+00
3.5000000000e+02 5.1021972526e-02 1.3022997892e+00 -3.5101583409e+00
3.5500000000e+02 5.6427603416e-01 2.2220126129e+00 -2.9589635561e+00
3.6000000000e+02 2.4853086864e+00 1.9428480285e+00 -3.7918243718e+00
3.6500000000e+02 2.0876933255e+00 1.6571030268e+00 -4.3542844709e+00
3.7000000000e+02 1.5211899957e+00 2.8086930142e+00 -3.0746402229e+00
3.7500000000e+02 1.0256972577e+00 2.6408213222e+00 -4.9004044553e-01
3.8000000000e+02 1.1526985695e+00 1.2951270530e+00 -1.0719091921e+00
3.8500000000e+02 2.7822685687e+00 2.2655409414e+00 -1.2760913690e+00
3.9000000000e+02 2.0438559194e+00 1.0876047653e+00 -2.3330035108e+00
3.9500000000e+02 1.5603515804e+00 5.5359598151e-01 -1.9085438265e+00
4.0000000000e+02 2.2088468874e+00 7.8961809618e-01 -2.1599106549e+00
4.0500000000e+02 2.9024077558e+00 2.5619533001e+00 -1.2490092240e+00
4.1000000000e+02 2.7517388243e+00 2.9590355021e+00 -1.9758903860e+00
4.1500000000e+02 3.3898680660e+00 2.4926702147e+00 -2.0957188275e+00
4.2000000000e+02 1.2690692982e+00 1.2105571293e+00 -3.0498943096e+00
4.2500000000e+02 1.9628411362e+00 1.5843640333e+00 -2.6104521840e+00
4.3000000000e+02 2.0996440337e+00 9.4088590066e-01 -2.0870747429e+00
4.3500000000e+02 1.7539379168e-01 2.3676978176e+00 -1.2816383892e+00
4.4000000000e+02 4.3309432462e-01 8.2641304881e-01 -2.9893828968e+00
4.4500000000e+02 9.7680229623e-01 7.5488254332e-01 -2.5554912758e+00
4.5000000000e+02 1.1061230146e+00 2.0912025501e+00 -3.8173115513e+00
4.5500000000e+02 -1.2276902067e-01 2.9137943891e+00 -4.1210352764e+00
4.6000000000e+02 3.4574232273e-01 3.5328893275e+00 -3.9094447379e+00
4.6500000000e+02 -5.0527734203e-01 3.4069061560e+00 -3.9743023661e+00
4.7000000000e+02 2.7286217879e+00 9.4841461632e-01 -3.4832057623e+00
4.7500000000e+02 2.9661012050e+00 2.4199080647e+00 -2.1153686769e+00
4.8000000000e+02 3.1900523867e+00 3.9377987753e+00 -4.3585677234e+00
4.8500000000e+02 1.0808949261e+00 3.3261477165e+00 -4.1400481069e+00
4.9000000000e+02 1.2208412225e+00 2.8261433234e+00 -4.9363498484e+00
4.9500000000e+02 1.1000191244e+00 1.4355206206e+00 -5.4507306521e+00
5.0000000000e+02 2.3670938715e+00 6.8073594928e-01 -4.2532784778e+00
5.0500000000e+02 3.1887789478e+00 9.7441819869e-02 -3.4381505102e+00
5.1000000000e+02 2.3612473338e+00 1.4981983669e+00 -2.9579281777e+00
5.1500000000e+02 2.1928223709e+00 2.4244488339e+00 -3.9394719382e+00
5.2000000000e+02 2.3452685689e+00 3.3537369356e+00 -2.4246342421e+00
5.2500000000e+02 2.2275750367e+00 3.7182657178e+00 -2.8878526779e+00
5.3000000000e+02 8.4914044639e-01 3.5558854439e+00 -3.1232135450e+00
5.3500000000e+02 2.0592101100e+00 2.8201880939e+00 -3.8018004759e+00
5.4000000000e+02 2.5806646664e+00 2.2792679419e+00 -3.1215621362e+00
5.4500000000e+02 2.3400528653e+00 1.6961896093e+00 -3.7624944459e+00
5.5000000000e+02 1.3956120142e+00 1.6504134909e+00 -3.3718339493e+00
5.5500000000e+02 -2.0030557419e-01 1.9984075071e+00 -3.3921751604e+00
5.6000000000e+02 4.2975484070e-01 1.3966059814e+00 -4.0500073713e+00
5.6500000000e+02 1.8672266311e+00 2.4592195899e-02 -5.2638112116e+00
5.7000000000e+02 1.4986999347e+00 1.4059667151e+00 -2.7539759930e+00
5.7500000000e+02 1.1840828919e+00 2.1640895145e+00 -1.9575945380e+00
5.8000000000e+02 7.3628857751e-01 2.9988906212e+00 -3.3574795129e+00
5.8500000000e+02 5.7674063452e-01 1.7134739039e+00 -2.0937155801e+00
5.9000000000e+02 2.1917396585e+00 2.2561133840e+00 -1.5950135491e+00
5.9500000000e+02 2.5025403298e+00 2.8075223068e+00 -1.6020396037e+00
6.0000000000e+02 2.5815268457e+00 2.1534073278e+00 -1.4596524889e+00
6.0500000000e+02 1.9795440877e+00 1.9895174777e+00 -1.7462367586e+00
6.1000000000e+02 2.0865436973e+00 1.6238966703e+00 -2.7440765007e+00
6.1500000000e+02 7.5255421403e-01 3.5204385761e+00 -1.6936825553e+00
6.2000000000e+02 4.2269593719e-01 5.6175827005e+00 -2.2739779161e+00
6.2500000000e+02 2.3148878222e+00 4.6976013450e+00 -1.6443231955e+00
6.3000000000e+02 1.4757366431e+00 3.4720466370e+00 -2.1181091705e+00
6.3500000000e+02 4.1979689905e-01 3.1642735899e+00 -2.6941250846e+00
6.4000000000e+02 3.1995851966e-01 2.0423329856e+00 -1.4220318867e+00
6.4500000000e+02 2.3683561781e+00 2.5071230042e+00 -3.4481116926e+00
6.5000000000e+02 1.7479949753e+00 3.6675777937e+00 -2.6834034321e+00
6.5500000000e+02 1.1950647260e+00 2.6167738715e+00 -2.6754646459e+00
6.6000000000e+02 1.2509219666e+00 3.0307341415e+00 -4.1567291050e+00
6.6500000000e+02 1.0937466770e+00 3.1827119692e+00 -3.4353966027e+00
6.7000000000e+02 7.9258286907e-01 1.2168562094e+00 -3.6561719875e+00
6.7500000000e+02 1.7377145338e+00 2.1853109596e+00 -2.2809213761e+00
6.8000000000e+02 2.2468773520e+00 2.9993570475e+00 -1.5880392490e+00
6.8500000000e+02 2.2950032107e+00 3.7098394892e+00 -1.9603472856e+00
6.9000000000e+02 1.6986942877e+00 2.5297663770e+00 -2.0629516644e+00
6.9500000000e+02 7.1544132677e-01 1.4670543788e+00 -2.6644930129e+00
7.0000000000e+02 2.1811063330e+00 1.1528228056e+00 -2.6253590711e+00
7.0500000000e+02 2.0020992405e+00 1.9370120960e+00 -2.9170328345e+00
7.1000000000e+02 1.3359882570e+00 2.7011068624e+00 -2.6239176805e+00
7.1500000000e+02 2.9139745061e+00 2.9819404504e+00 -2.2093803727e+00
7.2000000000e+02 2.9760765773e+00 2.2550719770e+00 -7.6039116129e-01
7.2500000000e+02 2.1443223788e+00 2.2265475077e+00 -1.7376876424e+00
7.3000000000e+02 1.0225909236e+00 1.5824570952e+00 -1.4550556764e+00
7.3500000000e+02 -2.9461720194e-01 2.1490885525e+00 -1.6757789262e+00
7.4000000000e+02 6.6008424049e-01 2.6232350201e+00 -1.5669373363e+00
7.4500000000e+02 1.8659541087e+00 2.1833421465e+00 -1.5180112566e+00
7.5000000000e+02 1.7173207373e+00 2.2418942636e+00 -1.5168523575e+00
7.5500000000e+02 2.1824934048e+00 5.6508634504e-01 -6.6091351978e-01
7.6000000000e+02 8.1471026695e-01 1.7742316212e+00 2.7967646668e-01
7.6500000000e+02 3.8620774529e-01 2.5762610184e+00 -1.7788881667e-02
7.7000000000e+02 1.5698362351e+00 3.7083750136e+00 -2.5814406912e+00
7.7500000000e+02 1.0879574002e+00 2.5371607323e+00 -2.1123969829e+00
7.8000000000e+02 6.5630403813e-01 2.6133919633e+00 -1.1982294426e+00
7.8500000000e+02 9.8100606132e-01 1.5890281851e+00 -1.1115714057e+00
7.9000000000e+02 3.9700860575e-01 1.7914269588e+00 4.5214371070e-01
7.9500000000e+02 9.1692857214e-01 1.3012001423e+00 2.1420278626e-01
8.0000000000e+02 6.9029198803e-01 7.4981673590e-01 2.4795381847e-01
8.0500000000e+02 1.1815182941e+00 6.4264528971e-01 -2.2116520747e-01
8.1000000000e+02 1.1960781370e-01 7.9425658795e-01 -2.2393049668e+00
8.1500000000e+02 2.4959496993e-01 3.6178296070e-01 -1.6741584390e+00
8.2000000000e+02 9.2872128361e-01 1.0970595420e-01 -1.9760799018e+00
8.2500000000e+02 1.5237432807e+00 4.4489372592e-01 -1.1862144544e+00
8.3000000000e+02 7.9330457188e-01 7.7676555275e-01 -5.2904931815e-01
8.3500000000e+02 -4.8664428173e-01 1.5981132679e+00 -1.2327385345e-01
8.4000000000e+02 -1.0594905262e+00 4.4032754821e-01 1.6446366111e-01
8.4500000000e+02 -5.6820635883e-01 1.1723597897e+00 2.9361542927e-01
8.5000000000e+02 4.7083625148e-01 8.8995551280e-01 -1.5772409071e-01
8.5500000000e+02 4.1551829206e-01 2.4340887896e-02 -5.2753808603e-01
8.6000000000e+02 3.1560158421e-01 7.6934148660e-01 -6.7280407489e-01
8.6500000000e+02 4.8356817234e-01 1.7153028799e-01 -1.1617528675e+00
8.7000000000e+02 9.1752853568e-01 -2.6810052367e-01 -2.0492626013e+00
8.7500000000e+02 8.7228475545e-01 -2.7619277155e-01 -1.9213355781e+00
8.8000000000e+02 9.3722836466e-01 2.9220108052e-01 -2.0662726861e+00
8.8500000000e+02 8.1986052217e-02 4.7135094809e-01 -1.9625078385e+00
8.9000000000e+02 1.1230192717e+00 1.3947586465e+00 -2.6395122519e+00
8.9500000000e+02 1.0279514192e+00 1.6516525200e+00 -2.5124931738e+00
9.0000000000e+02 1.4880261994e+00 1.4299093421e+00 -6.7159565401e-01
9.0500000000e+02 2.3738775680e+00 1.7049020241e-01 -1.6996806783e+00
9.1000000000e+02 2.3801677056e+00 1.0246019353e+00 -1.8789318516e+00
9.1500000000e+02 1.8546406784e+00 1.6387633506e+00 -2.2576906628e+00
9.2000000000e+02 3.0817770469e+00 1.6718469335e+00 -3.2362288770e+00
9.2500000000e+02 3.0878126562e+00 1.1977459675e+00 -2.0648862452e+00
9.3000000000e+02 1.1543083450e+00 9.4873041485e-01 -1.5904108564e+00
9.3500000000e+02 6.1307528132e-01 1.0275312707e+00 -2.2565955209e+00
9.4000000000e+02 6.0377828118e-01 9.6907798784e-01 -2.8950374772e+00
9.4500000000e+02 1.2457524605e+00 7.1457078518e-01 -1.5891603960e+00
9.5000000000e+02 1.3624339750e+00 4.8672265057e-01 -1.3760444187e+00
9.5500000000e+02 4.9350820135e-01 1.3009417398e-02 -2.0629729627e+00
9.6000000000e+02 1.9461871858e+00 8.7027498585e-01 -1.2693371269e+00
9.6500000000e+02 1.8598351396e+00 2.9029959996e-01 -1.2032116004e+00
9.7000000000e+02 1.5043648889e+00 -7.3093373198e-02 -5.7326290341e-01
9.7500000000e+02 6.7770349417e-01 1.1645184488e-01 -9.9408765692e-01
9.8000000000e+02 1.6983620497e-03 -6.4254828209e-01 -2.2610420365e+00
9.8500000000e+02 -6.7983388071e-01 7.1173539405e-02 -2.4109231101e+00
9.9000000000e+02 -2.6897486713e-01 -1.4755548728e-01 -1.8602883548e+00
9.9500000000e+02 -2.5088019591e-01 3.9851603333e-01 -1.0701463172e+00
1.0000000000e+03 3.6956681305e-01 -1.4412146791e-03 7.9241336147e-01
