5.0000000000e+00 2.4101077251e+00 -3.0411543395e+00 9.3638928584e-02
1.0000000000e+01 3.8740779061e-01 -5.4674203042e-01 1.5608052929e+00
1.5000000000e+01 -1.0763072830e+00 -1.3296505444e+00 1.6754714503e+00
2.0000000000e+01 -1.2195526631e+00 -1.4809674720e+00 5.0764080828e-01
2.5000000000e+01 9.2010615305e-01 -4.9114856002e-01 -1.2465197176e-02
3.0000000000e+01 -1.7492688702e-01 3.1192554220e-01 -9.2264178537e-01
3.5000000000e+01 -2.3211395552e+00 4.6533489405e-01 -1.8126409074e+00
4.0000000000e+01 -2.9872597695e+00 1.0113778980e+00 -2.0007105775e+00
4.5000000000e+01 -3.1230781272e+00 6.8405770239e-02 -2.3566465358e+00
5.0000000000e+01 -2.5484483190e+00 -1.5666068307e+00 -3.5273228957e+00
5.5000000000e+01 -3.0127228837e+00 -6.0413424721e-01 -4.2700278486e+00
6.0000000000e+01 -1.3685933695e+00 7.2938969321e-01 -2.9176695725e+00
6.5000000000e+01 4.1070923310e-01 1.4038107656e+00 -1.9398317958e+00
7.0000000000e+01 5.6181286722e-02 4.0407091380e-01 -3.6648674218e-01
7.5000000000e+01 -1.8814287493e+00 -1.0662354334e+00 -5.4011607087e-01
8.0000000000e+01 1.2698528429e+00 -2.9373437704e-01 1.0494701379e-02
8.5000000000e+01 2.0175052632e+00 -2.0330546841e+00 1.8643645782e-01
9.0000000000e+01 -4.0106487217e-01 -9.6720170932e-01 1.5674533738e+00
9.5000000000e+01 3.1770004541e-01 -1.1850949644e+00 -9.3905324946e-01
1.0000000000e+02 1.9425613063e+00 -3.0924954180e+00 -5.8495104614e-01
1.0500000000e+02 3.1008914247e+00 -4.5589368075e+00 -4.9998048969e-01
1.1000000000e+02 2.6674395951e+00 -3.2106859080e+00 -7.2712832340e-01
1.1500000000e+02 1.8936209371e+00 -7.6318206566e-01 -2.7336887609e-01
1.2000000000e+02 1.0195202414e+00 -1.0149214628e+00 6.2126069437e-01
1.2500000000e+02 1.2048601148e+00 -1.8639622360e-01 -2.1706070167e+00
1.3000000000e+02 2.3024656552e+00 5.4746918086e-01 -1.1506450566e+00
1.3500000000e+02 4.8664323373e+00 1.0177451069e+00 1.0626870681e+00
1.4000000000e+02 4.5165523671e+00 1.1506649510e-01 1.9775241144e+00
1.4500000000e+02 3.3352346302e+00 -6.9072640361e-01 1.9066473923e+00
1.5000000000e+02 1.3926291334e+00 -1.5930171013e+00 2.7069865700e+00
1.5500000000e+02 -4.4676886210e-01 -1.8090681966e+00 1.0439547937e+00
1.6000000000e+02 5.6732096734e-01 -2.3426519792e-01 -1.1821731305e+00
1.6500000000e+02 2.3003073084e+00 -8.1147367376e-01 -2.0935761481e+00
1.7000000000e+02 1.1043851325e+00 5.9451307412e-01 -3.3634413680e+00
1.7500000000e+02 2.6844489640e+00 2.1406717527e+00 -4.2795884009e+00
1.8000000000e+02 2.6775827478e+00 1.0268280763e+00 -1.7803888101e+00
1.8500000000e+02 2.6556478070e+00 6.4801814808e-01 -2.8621599304e+00
1.9000000000e+02 3.8059369585e-01 1.2979243416e+00 -1.3429133871e+00
1.9500000000e+02 1.1820759289e+00 8.0162514767e-01 -2.9180812943e+00
2.0000000000e+02 5.8410916089e-01 -8.2584684012e-01 -2.5527454769e+00
2.0500000000e+02 -2.1736976526e-01 -1.3525997387e-01 -8.2413725659e-01
2.1000000000e+02 1.9564438710e-01 -9.4248981508e-01 -1.7008222990e+00
2.1500000000e+02 2.6777704757e-01 1.6142902343e+00 -1.5601547344e+00
2.2000000000e+02 8.9112747652e-01 7.6268291136e-01 -1.7178568856e+00
2.2500000000e+02 -8.1898749909e-02 1.6715125830e+00 -2.3223533216e+00
2.3000000000e+02 -4.3890419522e-01 4.9890615271e-01 -2.4029741920e+00
2.3500000000e+02 2.5985927905e-01 8.3425268530e-01 -3.4920497850e+00
2.4000000000e+02 -7.8535868104e-02 2.2641472828e-01 -2.8667276010e+00
2.4500000000e+02 4.6676419009e-01 -9.2190239606e-01 -3.5443611142e+00
2.5000000000e+02 2.2659910212e+00 -1.1210126575e+00 -2.5189385638e+00
2.5500000000e+02 1.3819155210e+00 9.3063775018e-01 5.2404963983e-02
2.6000000000e+02 8.3589894632e-01 1.2346370074e+00 -2.8430504225e+00
2.6500000000e+02 7.7572313851e-01 1.3517357751e+00 -1.0564439407e+00
2.7000000000e+02 -8.1780356287e-01 9.7591350316e-01 -1.7246608427e+00
2.7500000000e+02 1.9255507517e+00 5.6533496241e-01 -3.1416889392e+00
2.8000000000e+02 9.1163811214e-01 2.2266702906e+00 -2.6543907188e+00
2.8500000000e+02 3.2322703642e+00 3.1316741569e+00 -2.2429015690e+00
2.9000000000e+02 1.6354553966e+00 2.0464297106e+00 -3.4993992381e+00
2.9500000000e+02 1.1739679631e+00 3.1592572157e+00 -3.0359695005e+00
3.0000000000e+02 1.3915718468e+00 1.6184426946e+00 -5.0056701175e+00
3.0500000000e+02 5.0431210180e-01 2.9242284525e+00 -3.8789317666e+00
3.1000000000e+02 4.7197121400e-03 2.1765256310e+00 -5.4178208747e+00
3.1500000000e+02 1.9783358962e+00 1.9147714189e+00 -5.7891793096e+00
3.2000000000e+02 1.3650768645e+00 1.0952849925e+00 -5.0804615866e+00
3.2500000000e+02 -2.9615182428e-01 2.4586651426e+00 -5.2646234863e+00
3.3000000000e+02 1.0242292150e+00 1.6085083394e+00 -3.7769374211e+00
3.3500000000e+02 2.7449030548e+00 1.3828830638e+00 -4.1935118848e+00
3.4000000000e+02 2.4317203817e+00 2.2077338536e-01 -5.4064822809e+00
3.4500000000e+02 2.0306536715e+00 3.3528520498e+00 -6.8145504154e+00
3.5000000000e+02 2.6881372579e+00 2.5029718127e+00 -6.4276102006e+00
3.5500000000e+02 4.8398328211e+00 1.7440544483e+00 -5.0064603551e+00
3.6000000000e+02 2.8855784856e+00 3.3301669405e+00 -6.5704971119e+00
3.6500000000e+02 3.5598749737e+00 4.3731992141e+00 -5.2321189187e+00
3.7000000000e+02 1.4983290145e+00 3.5001251489e+00 -5.1255392490e+00
3.7500000000e+02 3.1994709415e+00 3.8898756975e+00 -5.3692118512e+00
3.8000000000e+02 2.1766405545e+00 3.4890020065e+00 -6.5575642007e+00
3.8500000000e+02 1.5451531370e+00 2.8090557179e+00 -5.3517086526e+00
3.9000000000e+02 1.6167328621e-01 3.1507059303e+00 -5.7930602327e+00
3.9500000000e+02 1.0901044106e+00 2.3668917640e+00 -5.0577193877e+00
4.0000000000e+02 1.6011636508e+00 4.6141059240e+00 -4.9703451173e+00
4.0500000000e+02 2.2380054051e+00 3.1001050265e+00 -3.8336962130e+00
4.1000000000e+02 1.7523121297e+00 2.9246772236e+00 -3.2583116023e+00
4.1500000000e+02 1.4108474110e+00 2.2436067677e+00 -1.1670852484e+00
4.2000000000e+02 1.6210993906e+00 2.3308758549e+00 -3.1762513379e+00
4.2500000000e+02 -6.3363084608e-01 9.3670615501e-01 -4.0767436411e+00
4.3000000000e+02 -1.6085202364e+00 1.9104184794e+00 -3.4466538735e+00
4.3500000000e+02 -2.5791339230e+00 2.2962698189e+00 -4.9716974901e+00
4.4000000000e+02 -3.2619860774e+00 3.6893135128e-01 -3.5207376029e+00
4.4500000000e+02 -2.0677980904e+00 -3.0171874622e-01 -4.7551407570e+00
4.5000000000e+02 -5.1269345243e-02 5.6690105068e-01 -5.2401503503e+00
4.5500000000e+02 5.7141181888e-01 7.4164298552e-02 -6.4420436046e+00
4.6000000000e+02 -1.3049664391e-01 1.5110947854e+00 -6.4224619492e+00
4.6500000000e+02 1.8710233113e+00 1.5464455623e+00 -6.5173435527e+00
4.7000000000e+02 3.4447323464e+00 2.2761022271e+00 -4.1737943934e+00
4.7500000000e+02 3.1103653205e+00 2.3933264369e+00 -4.1685401033e+00
4.8000000000e+02 3.4903208102e+00 2.3977360976e+00 -3.6569824652e+00
4.8500000000e+02 2.8184575944e+00 4.7637892394e+00 -4.7940549959e+00
4.9000000000e+02 2.1650375862e+00 4.5877838762e+00 -3.3719091068e+00
4.9500000000e+02 1.6130767368e+00 2.9604222101e+00 -4.7395401983e+00
5.0000000000e+02 2.5441722853e+00 2.2671131530e+00 -5.6334687184e+00
5.0500000000e+02 3.8577286703e+00 3.3252998306e+00 -5.9188938223e+00
5.1000000000e+02 2.8692639314e+00 1.6169243599e+00 -5.0310256437e+00
5.1500000000e+02 2.8695468573e+00 1.9578479582e+00 -4.6349585630e+00
5.2000000000e+02 1.3211082036e+00 3.4464755186e-01 -3.9581596425e+00
5.2500000000e+02 2.5749506953e-02 3.1463619452e-01 -4.2642413831e+00
5.3000000000e+02 8.7569049572e-01 6.0147044123e-01 -4.0338943166e+00
5.3500000000e+02 4.4180084472e-01 6.7285176837e-02 -1.5724625116e+00
5.4000000000e+02 2.3896968049e+00 2.7027145317e+00 -8.4744346221e-01
5.4500000000e+02 1.8331201066e+00 2.3040973363e+00 -5.0961888741e-01
5.5000000000e+02 1.3850916684e+00 3.8058978852e+00 -1.7363671605e+00
5.5500000000e+02 3.3445678899e+00 2.9221949969e+00 -2.4978737314e+00
5.6000000000e+02 2.0166284151e+00 2.8287467296e+00 -2.7532113109e+00
5.6500000000e+02 2.8353031277e+00 3.9327875660e+00 -3.2812618919e+00
5.7000000000e+02 2.1368606710e+00 4.2490565253e+00 -2.7991926153e+00
5.7500000000e+02 1.5522346035e+00 3.8256786926e+00 -1.9366241891e+00
5.8000000000e+02 5.4069120406e-01 2.5338788465e+00 -1.3501994068e+00
5.8500000000e+02 1.1657113110e+00 3.2490095063e+00 -2.0694566096e+00
5.9000000000e+02 9.7192016005e-01 3.6022859705e+00 -2.1815835329e+00
5.9500000000e+02 1.5511297417e+00 3.4182343827e+00 -1.7187129544e+00
6.0000000000e+02 1.4347612175e+00 1.5551382923e+00 -2.1095735649e+00
6.0500000000e+02 1.8483455641e+00 1.2955678850e+00 -1.8424541809e+00
6.1000000000e+02 1.6346902236e+00 1.4777854555e+00 -1.4352711904e+00
6.1500000000e+02 2.1221256618e+00 2.1581613560e+00 -1.5681329851e+00
6.2000000000e+02 1.5721415986e+00 1.5572705706e+00 -1.3989582932e+00
6.2500000000e+02 1.7033947443e+00 3.9649351098e-04 -3.4601846219e+00
6.3000000000e+02 2.1376437263e+00 1.3375529632e+00 -3.5571274576e+00
6.3500000000e+02 1.5728871871e+00 1.6863617038e+00 -4.1103494125e+00
6.4000000000e+02 1.2400534175e+00 3.4148682689e-01 -2.2922363464e+00
6.4500000000e+02 9.7307039365e-01 1.7243650130e+00 -2.2510983722e+00
6.5000000000e+02 4.9953710695e-01 1.1720784211e+00 -1.7310785006e+00
6.5500000000e+02 1.3038984892e+00 -6.0314989152e-01 -2.8996982983e+00
6.6000000000e+02 1.2234326367e+00 3.3622124106e-02 -2.7060713086e+00
6.6500000000e+02 6.7943498075e-01 -1.2047730593e-01 -2.8070019551e+00
6.7000000000e+02 9.0572561734e-01 1.0528430102e+00 -2.4846313654e+00
6.7500000000e+02 9.5878572694e-01 2.4821158960e+00 -3.2325746734e+00
6.8000000000e+02 1.9598066110e+00 2.7000241457e+00 -2.8464083824e+00
6.8500000000e+02 5.0803616099e-01 2.7115052692e+00 -4.1441305846e+00
6.9000000000e+02 2.7360263920e-01 1.9606398025e+00 -4.6595180752e+00
6.9500000000e+02 1.2777652170e+00 1.4086383260e+00 -5.2953404229e+00
7.0000000000e+02 6.7098133061e-01 3.8693845999e-01 -3.3745769914e+00
7.0500000000e+02 2.2504968685e-01 6.9321534548e-01 -3.1804889508e+00
7.1000000000e+02 1.3459194059e+00 5.6925420004e-01 -3.6074017030e+00
7.1500000000e+02 2.2423054214e+00 1.2531303349e+00 -1.1256743643e+00
7.2000000000e+02 1.4630124523e+00 1.4404342424e+00 -6.8916729144e-01
7.2500000000e+02 8.0492332673e-01 1.8207424500e+00 -2.1301560997e+00
7.3000000000e+02 1.2059201243e+00 7.1059213566e-01 -3.5076963327e+00
7.3500000000e+02 1.8993399287e+00 -6.2687791246e-01 -3.2954212253e+00
7.4000000000e+02 1.5686346764e+00 4.1642412290e-01 -2.8843044671e+00
7.4500000000e+02 1.8340807050e-01 5.5551067242e-01 -1.8123086422e+00
7.5000000000e+02 7.8584379811e-01 1.4631274694e+00 -1.8977529099e+00
7.5500000000e+02 8.6939398120e-01 1.7339805059e+00 -2.2654294845e+00
7.6000000000e+02 4.0870471379e-02 1.2022012154e+00 -1.8560205974e+00
7.6500000000e+02 -5.3445670661e-01 3.3550871880e-01 -1.6886132730e+00
7.7000000000e+02 -6.3831358112e-01 1.6201066554e+00 -2.2015492612e+00
7.7500000000e+02 4.1192999465e-01 1.4899638026e+00 -1.8774976120e+00
7.8000000000e+02 1.1217902745e+00 1.3283869917e+00 -1.9508274725e+00
7.8500000000e+02 1.3945287275e+00 3.0620739844e+00 -1.5162099530e+00
7.9000000000e+02 7.3533879298e-01 2.7561066205e+00 -6.2777628209e-01
7.9500000000e+02 6.6926340885e-01 3.3286520282e+00 -1.4078656906e+00
8.0000000000e+02 9.1587483965e-01 2.2094164440e+00 -8.0065310955e-01
8.0500000000e+02 1.8486511522e+00 1.5356601434e+00 -5.1057664775e-01
8.1000000000e+02 2.1028211349e+00 1.2888057345e+00 -9.4729584858e-01
8.1500000000e+02 1.1064047567e+00 -6.7349187291e-02 -1.3364441339e+00
8.2000000000e+02 -1.8910042970e-02 8.4669377103e-01 -1.4857852864e+00
8.2500000000e+02 -5.5711878473e-01 1.3384139749e+00 -4.8957883575e-01
8.3000000000e+02 2.3117146618e-02 2.1407438620e+00 -2.3080898621e+00
8.3500000000e+02 6.0918638098e-01 1.8353715466e+00 -1.5834165777e+00
8.4000000000e+02 1.4827742731e+00 2.0568994908e+00 -5.9586142433e-01
8.4500000000e+02 2.0188768004e+00 1.4104380255e+00 -3.7778121393e-01
8.5000000000e+02 1.2603045900e+00 1.6516201764e+00 -6.0931558851e-01
8.5500000000e+02 1.6822712957e+00 1.5277607931e+00 -2.4985259838e-01
8.6000000000e+02 2.3792753945e+00 5.2216121102e-01 -2.6903290175e-01
8.6500000000e+02 2.0551876555e+00 4.3947062286e-01 -1.1852214628e+00
8.7000000000e+02 1.1559471971e+00 1.2687520623e+00 -8.2541812830e-01
8.7500000000e+02 6.5910706197e-01 2.6501896603e-02 -6.8635942269e-01
8.8000000000e+02 5.8459821811e-01 -6.3434677040e-02 -1.2495604409e-01
8.8500000000e+02 1.3380338555e+00 6.9374078344e-01 5.1208354488e-01
8.9000000000e+02 6.4268076193e-01 1.0635303031e+00 3.7411029649e-03
8.9500000000e+02 6.3811927973e-01 7.1716171140e-01 -7.3650332224e-01
9.0000000000e+02 1.5542880195e+00 9.5693146466e-01 -1.1703761780e-01
9.0500000000e+02 1.1601272621e+00 -2.4357812651e-01 -1.6439354790e-01
9.1000000000e+02 1.2535717996e+00 -6.5812506729e-01 2.1532701892e-02
9.1500000000e+02 6.8899282068e-01 -5.2680636640e-01 -9.4080190564e-01
9.2000000000e+02 2.4148015648e-01 -1.9908487446e-01 -8.1884548603e-01
9.2500000000e+02 6.2258090735e-01 -1.1090881324e+00 -5.4013842587e-03
9.3000000000e+02 2.4440587838e-02 1.5386948461e-01 1.4306195779e+00
9.3500000000e+02 4.1590685737e-01 -1.3172911326e-01 8.2096757586e-01
9.4000000000e+02 1.0010929758e+00 -7.7946916491e-01 3.5346201859e-01
9.4500000000e+02 1.6023437934e+00 2.4026667639e-01 -7.5554462071e-01
9.5000000000e+02 2.1064902799e+00 7.3601061101e-01 -1.1879602470e+00
9.5500000000e+02 2.0098852018e+00 2.1610303264e+00 -9.7436872622e-01
9.6000000000e+02 8.8353113033e-01 2.0943259920e+00 -9.6431342900e-01
9.6500000000e+02 1.2071967544e-01 1.7740168906e+00 -7.7894154766e-01
9.7000000000e+02 2.0942691175e-01 4.1792535579e-01 -7.7924242736e-01
9.7500000000e+02 -3.9246933497e-01 -4.4021554059e-01 -1.3928093658e+00
9.8000000000e+02 -4.5336727882e-01 -4.6363524141e-01 -1.1491983792e+00
9.8500000000e+02 5.5696178395e-01 6.8389167472e-01 -1.4956525135e-01
9.9000000000e+02 -1.0989521534e-01 5.1222140101e-01 -1.5946836211e-01
9.9500000000e+02 -1.0991446116e+00 5.4626900549e-01 -7.5827559773e-01
1.0000000000e+03 -1.1020590539e+00 4.8617745463e-01 -6.1629807384e-01
