5.0000000000e+00 -1.7847123168e+00 1.2591127222e+00 2.7319644252e-01
1.0000000000e+01 6.5206441713e-01 1.4986531358e+00 1.1798314158e-01
1.5000000000e+01 1.5201762068e+00 1.9571278101e+00 1.1062730499e+00
2.0000000000e+01 2.1176856751e+00 1.0338532470e+00 2.9871845383e-01
2.5000000000e+01 1.8949760893e-02 -2.3422259673e-01 -3.5068025667e-01
3.0000000000e+01 -1.1701047443e+00 -6.1116391649e-01 -2.5369478789e+00
3.5000000000e+01 -1.3261386121e+00 1.7278861989e-01 -1.1581128930e+00
4.0000000000e+01 9.9442591254e-02 1.0054813933e+00 -7.4496713042e-02
4.5000000000e+01 1.5500795207e+00 1.6311016612e+00 -9.9974030198e-02
5.0000000000e+01 3.9899895364e-01 -3.4702333031e-01 3.9587957830e-01
5.5000000000e+01 2.4406275621e+00 1.1050869645e-01 1.0624550098e-01
6.0000000000e+01 5.9159939112e-02 2.9487165427e+00 -1.6917486312e+00
6.5000000000e+01 -1.2675947303e+00 1.3155455170e+00 -1.6544793037e+00
7.0000000000e+01 -2.0431287226e-01 1.0676325192e+00 -1.7644696487e-01
7.5000000000e+01 -8.8479284259e-01 8.3227355537e-01 3.2845111731e-01
8.0000000000e+01 -1.7880531617e+00 3.7072163655e-01 -2.5723689651e+00
8.5000000000e+01 -1.0178272621e+00 -9.5102774892e-01 -2.6376619286e+00
9.0000000000e+01 5.2669385228e-01 1.0650032474e+00 -3.6929747501e-01
9.5000000000e+01 -1.4289066246e+00 -1.3920495823e-01 -7.3478269717e-01
1.0000000000e+02 9.9071313121e-02 -4.9810741363e-01 -1.3988676022e+00
1.0500000000e+02 1.2891049281e+00 -1.0648763542e+00 -4.0641086754e-01
1.1000000000e+02 6.5556216698e-01 -3.2833436145e-01 2.0766493828e+00
1.1500000000e+02 2.4163833159e-01 -2.2503008163e+00 1.8803033478e+00
1.2000000000e+02 2.9036009356e-02 -1.2292958057e-01 6.8620570011e-01
1.2500000000e+02 -9.1268589829e-01 -1.6257401566e+00 -1.4798070379e+00
1.3000000000e+02 -1.6072685778e+00 -7.1758153025e-01 -1.1525979038e+00
1.3500000000e+02 -6.9962742358e-01 -1.0356769734e+00 -9.3550022937e-01
1.4000000000e+02 -9.2723159450e-01 -1.4360149596e+00 4.5511065577e-01
1.4500000000e+02 -1.1044874192e+00 -1.6375632334e+00 1.8884274897e-01
1.5000000000e+02 -7.2913950290e-01 1.3570228129e+00 -1.2370691271e+00
1.5500000000e+02 -8.9242016558e-01 3.9136965214e+00 -1.3303895428e+00
1.6000000000e+02 -1.2508909053e-01 3.3266751460e+00 -1.4974433369e+00
1.6500000000e+02 2.9830363528e-01 3.2600629056e+00 -1.9246400300e+00
1.7000000000e+02 1.3209383168e+00 3.8588142239e+00 -1.5287023572e+00
1.7500000000e+02 1.4085401250e+00 1.5806557398e+00 -4.7584068740e-01
1.8000000000e+02 7.2130321231e-01 2.7862006433e+00 -2.2790594268e+00
1.8500000000e+02 -5.6998238850e-01 4.1822683499e+00 -2.2603748358e+00
1.9000000000e+02 -5.4475807508e-02 1.4762920640e+00 -3.5389374074e+00
1.9500000000e+02 2.0880510715e+00 5.1553447104e-01 -4.8545395642e+00
2.0000000000e+02 2.5698843093e+00 1.0780436354e-01 -3.8259988316e+00
2.0500000000e+02 1.8459629703e+00 2.0551439365e+00 -1.1718043801e+00
2.1000000000e+02 3.7911675943e+00 4.2115179165e+00 -2.8275880631e+00
2.1500000000e+02 9.5002544459e-01 1.1002972741e+00 -4.2308312279e+00
2.2000000000e+02 2.5170787271e+00 1.8440246818e+00 -5.4887509943e+00
2.2500000000e+02 3.0819166683e+00 1.5950907860e+00 -3.9133892058e+00
2.3000000000e+02 3.2796372550e+00 2.2526331733e+00 -3.7042670225e+00
2.3500000000e+02 1.7199009131e+00 1.8228736257e+00 -5.4425436113e+00
2.4000000000e+02 1.6821881042e+00 1.7675083985e+00 -3.9873642274e+00
2.4500000000e+02 5.9037199307e-01 1.4554989421e+00 -3.7165010169e+00
2.5000000000e+02 8.7817532334e-01 4.3131469252e-02 -8.7509284890e-01
2.5500000000e+02 1.9243774552e+00 -2.4624491899e-02 3.5442995524e-01
2.6000000000e+02 1.5071211267e+00 1.3962062756e+00 6.9564791690e-01
2.6500000000e+02 1.1545066287e+00 4.0037030448e-01 -2.1266492665e+00
2.7000000000e+02 1.4646737345e+00 1.1736931527e-01 -1.0576920234e+00
2.7500000000e+02 5.2765973131e-01 1.9432573994e+00 -1.6965106993e-01
2.8000000000e+02 2.4166881904e+00 6.8937113870e-01 -6.5328282213e-01
2.8500000000e+02 1.0590913976e+00 -2.1690865162e-01 -1.4165841209e+00
2.9000000000e+02 -8.6784047376e-01 4.3213734169e-02 -1.4055235291e+00
2.9500000000e+02 -1.8132714827e-01 1.2333867376e+00 -2.7413392458e+00
3.0000000000e+02 -3.5473327216e-01 -1.2060163967e-01 -2.4454656818e+00
3.0500000000e+02 6.8975639385e-01 7.9812337621e-01 -2.8039472527e+00
3.1000000000e+02 1.9585540040e+00 1.6904384694e+00 -1.6370582029e+00
3.1500000000e+02 1.2338440636e+00 7.6490430820e-01 -3.5933009867e+00
3.2000000000e+02 2.8981217255e-01 4.4303776726e-01 -4.6379547946e+00
3.2500000000e+02 9.4225974517e-01 2.1437919535e+00 -3.1565984206e+00
3.3000000000e+02 5.0208253235e-01 1.4503912611e+00 -4.6061424358e+00
3.3500000000e+02 1.2491264065e+00 8.5330216450e-01 -2.9268655134e+00
3.4000000000e+02 1.0214711065e+00 1.1320020235e+00 -2.0442654622e+00
3.4500000000e+02 9.2475946788e-02 1.2615960125e+00 -2.6870672030e+00
3.5000000000e+02 -1.8311064628e-01 1.1917856232e+00 -3.7415528482e+00
3.5500000000e+02 -5.9513980664e-01 9.4211894221e-01 -1.7215511410e+00
3.6000000000e+02 2.0262540372e+00 2.0800559386e+00 -1.7224523534e+00
3.6500000000e+02 2.5998217105e+00 1.8674118410e+00 -1.9522543007e+00
3.7000000000e+02 1.0937925875e+00 2.7031621354e+00 -6.9806896644e-01
3.7500000000e+02 1.3901852865e-02 1.0268819445e+00 -6.9550114263e-01
3.8000000000e+02 1.0921844972e+00 8.7950796186e-01 -5.0414567494e-01
3.8500000000e+02 2.8017099858e+00 3.5842355491e+00 -7.5173003095e-01
3.9000000000e+02 4.1493683258e+00 3.0171932845e+00 -2.6342180658e+00
3.9500000000e+02 4.8856502754e+00 4.4555952486e+00 -3.4858650772e+00
4.0000000000e+02 2.2894808944e+00 3.7100704709e+00 -2.9929237752e+00
4.0500000000e+02 -7.7062454270e-01 4.3865264017e+00 -2.9751281917e+00
4.1000000000e+02 -8.5540848929e-01 3.7848318835e+00 -2.4620874537e+00
4.1500000000e+02 -1.5762290716e+00 3.1740338702e+00 -3.8991064389e+00
4.2000000000e+02 -7.8872717382e-01 3.2365639714e+00 -4.6914224193e+00
4.2500000000e+02 7.7878408184e-01 2.8736761990e+00 -5.0869923144e+00
4.3000000000e+02 2.8598065492e+00 2.2790090421e+00 -4.8214850268e+00
4.3500000000e+02 3.6514295680e+00 1.9299680976e+00 -5.9148677169e+00
4.4000000000e+02 2.3098547278e+00 7.4495807794e-01 -4.5748078802e+00
4.4500000000e+02 2.4881372073e+00 2.3091248547e+00 -5.3067025189e+00
4.5000000000e+02 1.4364531613e+00 2.8440372492e+00 -2.9343737489e+00
4.5500000000e+02 1.1216640405e+00 2.2869842858e+00 -3.1095466351e+00
4.6000000000e+02 1.4016273413e+00 2.1045862143e+00 -2.6472268532e+00
4.6500000000e+02 2.8937571642e+00 2.0558667803e+00 -4.7964688683e+00
4.7000000000e+02 8.2674503285e-01 -5.2154323835e-01 -5.4189112565e+00
4.7500000000e+02 7.1866764604e-01 1.4023671080e+00 -3.9974742464e+00
4.8000000000e+02 4.2481547291e-01 7.6870889102e-01 -4.5517715981e+00
4.8500000000e+02 1.0003936808e+00 1.7143712336e+00 -2.9908710150e+00
4.9000000000e+02 2.0861041456e+00 2.0832751860e+00 -2.5833962175e+00
4.9500000000e+02 2.9755578481e+00 1.3493314534e+00 -3.0292754714e+00
5.0000000000e+02 3.1503720997e+00 2.2130536446e+00 -2.0080135967e+00
5.0500000000e+02 1.4817757203e+00 2.6831235594e+00 -2.2997678070e+00
5.1000000000e+02 1.4745264636e+00 2.5970949424e+00 -4.1214432857e+00
5.1500000000e+02 1.4405918544e+00 2.1583520565e+00 -2.4405579756e+00
5.2000000000e+02 1.9591983532e+00 2.0982274918e+00 -4.4407234482e+00
5.2500000000e+02 1.0542235237e+00 7.4820392216e-01 -5.0851517265e+00
5.3000000000e+02 1.1406915196e+00 1.8399205469e+00 -5.4699248368e+00
5.3500000000e+02 1.4590437731e+00 3.0772371794e+00 -5.2375146942e+00
5.4000000000e+02 2.0909569655e+00 2.5541225420e+00 -4.0409280648e+00
5.4500000000e+02 3.2434516778e+00 1.1182747681e+00 -3.6923300307e+00
5.5000000000e+02 1.1576809994e+00 2.9520531053e-01 -2.9939472441e+00
5.5500000000e+02 2.1678465663e+00 5.2440137148e-01 -2.5481568312e+00
5.6000000000e+02 2.6184668166e+00 1.2280001050e+00 -2.9162397920e+00
5.6500000000e+02 1.4619307177e+00 2.4146683189e+00 -1.6329698293e+00
5.7000000000e+02 1.6175199209e+00 4.2817029596e+00 -2.0389811707e+00
5.7500000000e+02 1.0659541261e+00 3.7329384437e+00 -2.9229544455e+00
5.8000000000e+02 1.5629852646e+00 3.4773733214e+00 -3.1804815698e+00
5.8500000000e+02 1.5254691495e+00 2.3884857028e+00 -2.2031426153e+00
5.9000000000e+02 1.2300512336e+00 1.4661547637e+00 -2.4039071503e+00
5.9500000000e+02 3.8883510379e+00 8.9934977453e-01 -3.1820729191e+00
6.0000000000e+02 3.2308834160e+00 2.4788080638e+00 -3.4517603548e+00
6.0500000000e+02 1.9352605507e+00 4.1370177866e+00 -2.3884884148e+00
6.1000000000e+02 1.4854940105e+00 2.7826053884e+00 -3.2160546977e+00
6.1500000000e+02 1.5323383480e+00 3.1449602688e+00 -2.9836286460e+00
6.2000000000e+02 1.4509417898e+00 1.4548260256e+00 -3.8022897769e+00
6.2500000000e+02 1.6969522121e+00 4.8117298285e-03 -4.1122600052e+00
6.3000000000e+02 2.5456605301e+00 5.6772092264e-01 -3.5681294252e+00
6.3500000000e+02 2.8034004445e+00 1.2640726593e+00 -2.6835930661e+00
6.4000000000e+02 1.7988029676e+00 4.2448099689e-01 -9.5901903019e-01
6.4500000000e+02 1.3173824832e+00 7.4315184397e-01 -1.7381830107e+00
6.5000000000e+02 3.5839649705e-01 9.6449957574e-01 -1.0128261760e+00
6.5500000000e+02 1.5560968158e+00 1.7177342659e+00 1.6193108614e-02
6.6000000000e+02 1.5410996959e+00 2.7219689170e+00 -8.3411301825e-01
6.6500000000e+02 1.8478196164e+00 2.2959897110e+00 -1.2988423073e+00
6.7000000000e+02 1.3856959699e+00 1.3200420285e+00 -1.5797503330e+00
6.7500000000e+02 6.9362196129e-01 1.1562294328e+00 -1.6811962849e+00
6.8000000000e+02 4.2425813192e-02 1.9440196261e+00 -1.9346699886e+00
6.8500000000e+02 1.6063579653e+00 1.3199514704e+00 -1.4275812189e+00
6.9000000000e+02 1.9955776422e+00 2.2637112489e+00 -6.3477103565e-01
6.9500000000e+02 1.2746951311e+00 2.0474727150e+00 -1.6269950773e+00
7.0000000000e+02 4.8404236211e-01 2.1477782679e+00 -2.4881605174e+00
7.0500000000e+02 2.0170330884e+00 1.2881017386e+00 -1.2084754593e+00
7.1000000000e+02 7.8290587001e-01 3.0426557849e-01 -1.6386814882e+00
7.1500000000e+02 1.4507466404e+00 8.2963710226e-01 -7.7667951811e-01
7.2000000000e+02 1.7362679529e+00 3.5068836558e-01 4.5518108297e-01
7.2500000000e+02 8.7500999768e-01 1.6995499204e-01 -4.8626675183e-01
7.3000000000e+02 -1.7002116493e-01 8.9952660883e-01 -2.1623209552e+00
7.3500000000e+02 -4.5336161072e-01 1.4031359356e+00 -2.0060383077e+00
7.4000000000e+02 1.4593600295e-01 1.6095501804e+00 -2.3084189109e+00
7.4500000000e+02 1.0940991533e+00 1.5207853436e+00 -2.0813860186e+00
7.5000000000e+02 7.2201412727e-01 2.0992039133e+00 -1.0342591228e+00
7.5500000000e+02 8.7245788191e-01 8.5549622429e-01 -1.3448037693e+00
7.6000000000e+02 1.0954731835e+00 2.1657658845e+00 -2.3682925439e+00
7.6500000000e+02 9.2216660797e-01 2.3607891511e+00 -2.4116524793e+00
7.7000000000e+02 1.7196198683e+00 1.7915955133e+00 -2.5926596221e+00
7.7500000000e+02 9.9341461386e-01 1.6572092941e+00 -3.1340116359e+00
7.8000000000e+02 9.0603063982e-01 7.7501843516e-01 -2.4154625490e+00
7.8500000000e+02 8.0753412639e-01 1.2781331637e+00 -1.5985947028e+00
7.9000000000e+02 1.0184768186e-01 8.3047112311e-01 -9.6789726467e-01
7.9500000000e+02 3.7874408402e-01 1.7407500617e+00 7.1388916505e-01
8.0000000000e+02 4.7566977800e-01 2.0638206971e+00 1.1306210907e+00
8.0500000000e+02 6.0660732846e-01 1.2826386896e+00 1.0232808778e+00
8.1000000000e+02 9.5489332254e-01 1.8337647978e+00 -7.3377867115e-01
8.1500000000e+02 8.1668693541e-01 2.2843655656e+00 -1.2051709269e+00
8.2000000000e+02 -1.8970378536e-01 1.3510615595e+00 -1.2332312566e+00
8.2500000000e+02 3.7105146477e-01 2.0432896885e+00 -1.4737682115e+00
8.3000000000e+02 8.8422212522e-01 4.9827771261e-01 -1.2098496367e-01
8.3500000000e+02 2.4743205266e-01 -1.7596348024e-01 -7.9501855193e-01
8.4000000000e+02 1.7245980926e+00 5.5253541202e-01 -4.7399640613e-01
8.4500000000e+02 2.2943530232e+00 1.7348275361e+00 -3.5090834956e-02
8.5000000000e+02 2.9893572676e+00 1.4626402683e+00 -6.7738625915e-01
8.5500000000e+02 2.5910578840e+00 1.1775045102e+00 8.5882248233e-02
8.6000000000e+02 2.2455494800e+00 1.3299493415e+00 -4.3925392268e-01
8.6500000000e+02 2.4187772630e+00 1.7846747273e+00 -9.8895982120e-01
8.7000000000e+02 1.6692366151e+00 2.0957588788e+00 -5.7560808130e-01
8.7500000000e+02 1.8859119412e+00 9.0345720427e-01 -6.0656242744e-01
8.8000000000e+02 1.7189990370e+00 4.7595710633e-01 -9.4374472311e-01
8.8500000000e+02 1.3106198354e+00 -1.0331420311e+00 -8.9491458300e-01
8.9000000000e+02 1.1377630503e+00 -5.1428541943e-01 -1.0947079042e+00
8.9500000000e+02 1.1904969868e+00 -9.5156076379e-01 -7.3391325700e-01
9.0000000000e+02 -3.0229217192e-01 2.5393490947e-01 9.2533136940e-02
9.0500000000e+02 4.5229058554e-01 -1.7954680045e-02 -1.4570610456e-01
9.1000000000e+02 1.3065845182e+00 5.1946628152e-01 1.3870753901e-02
9.1500000000e+02 1.3823408460e+00 9.3179735149e-01 -1.4618258960e-01
9.2000000000e+02 1.6403969072e+00 1.5299605251e+00 -3.1010153640e-01
9.2500000000e+02 9.5006552541e-01 1.5176443520e+00 -5.0657419213e-01
9.3000000000e+02 6.3930776675e-01 1.4214519864e+00 -1.8085536497e-01
9.3500000000e+02 6.5674032709e-01 1.2025808572e+00 -1.9945626273e-01
9.4000000000e+02 2.9489940547e-01 9.4226279741e-01 -3.4858851189e-01
9.4500000000e+02 8.9665933375e-01 1.8144623554e-01 -3.1823088334e-01
9.5000000000e+02 1.1014488830e+00 1.8083824644e-01 -1.1718658865e+00
9.5500000000e+02 7.3259705953e-01 -1.3184930215e-01 -9.9974291662e-01
9.6000000000e+02 8.3173086712e-01 1.4739484430e-01 -1.5366028870e+00
9.6500000000e+02 -9.5204886316e-02 1.9073328435e-03 -1.7405660398e+00
9.7000000000e+02 -4.5014948115e-01 -3.2285031113e-02 -1.1910266966e+00
9.7500000000e+02 -1.2880906647e-01 -2.6742061872e-01 -4.4495390806e-01
9.8000000000e+02 4.7550286511e-01 2.7436221670e-01 -5.3306714141e-01
9.8500000000e+02 4.7573412180e-02 2.8448897853e-01 -3.5199773545e-01
9.9000000000e+02 6.7269214898e-01 -5.3720123328e-01 1.1433289724e-01
9.9500000000e+02 6.9950497317e-01 -5.1499854585e-01 1.4100988306e-01
1.0000000000e+03 1.9600551897e+00 -1.8982525086e+00 -4.5341500851e-01
